"0","knitr::include_graphics(""Figures/Proteomics/Comparison/Trans_Pro_comparison_Pval_plot.jpg"")"
