Sample	PCT_CODING_BASES	RIBOSOMAL_BASES	PF_NOT_ALIGNED_BASES	PCT_MRNA_BASES	CORRECT_STRAND_READS	MEDIAN_CV_COVERAGE	PCT_RIBOSOMAL_BASES	PCT_INTRONIC_BASES	MEDIAN_3PRIME_BIAS	PF_ALIGNED_BASES	LIBRARY	MEDIAN_5PRIME_BIAS	PCT_USABLE_BASES	PF_BASES	READ_GROUP	NUM_UNEXPLAINED_READS	IGNORED_READS	PCT_R2_TRANSCRIPT_STRAND_READS	PCT_R1_TRANSCRIPT_STRAND_READS	SAMPLE	INTERGENIC_BASES	NUM_R1_TRANSCRIPT_STRAND_READS	INTRONIC_BASES	NUM_R2_TRANSCRIPT_STRAND_READS	MEDIAN_5PRIME_TO_3PRIME_BIAS	PCT_INTERGENIC_BASES	PCT_CORRECT_STRAND_READS	INCORRECT_STRAND_READS	CODING_BASES	UTR_BASES	PCT_UTR_BASES
AD-1-Basal	53.6237	148364401.0	3506623930.0	87.3049	0.0	0.435443	2.0658	6.2768	0.656172	7181881070.0		0.440496	58.6624	10688505000.0		224119.0	0.0	49.9865	50.0135		312586475.0	7887175.0	450793252.0	7882919.0	0.611782	4.3524	0.0	0.0	3851191517.0	2418945425.0	33.6812
AD-1-IFNb	43.5404	179660374.0	4252433491.0	79.3352	0.0	0.533287	2.727	10.085	0.733764	6588110609.0		0.341134	48.2143	10840544100.0		206205.0	0.0	49.9221	50.0779		517349402.0	6605042.0	664410961.0	6584483.0	0.414341	7.8528	0.0	0.0	2868487669.0	2358202203.0	35.7948
AD-1-LPS	42.4059	168784325.0	3641569240.0	79.0169	0.0	0.537196	2.7281	10.4646	0.731854	6186884960.0		0.346508	49.7401	9828454200.0		225549.0	0.0	50.0199	49.9801		481979391.0	5970008.0	647434734.0	5974764.0	0.417841	7.7903	0.0	0.0	2623602394.0	2265084116.0	36.6111
AD-10-Basal	58.0123	105161653.0	3390356816.0	89.7071	0.0	0.388324	1.5749	6.2201	0.681839	6677453884.0		0.47338	59.4981	10067810700.0		172173.0	0.0	50.0358	49.9642		166796032.0	7958592.0	415345147.0	7970011.0	0.69776	2.4979	0.0	0.0	3873743747.0	2116407305.0	31.6948
AD-10-IFNb	54.0588	144105883.0	2959140049.0	84.65	0.0	0.406359	2.2815	9.0516	0.629019	6316222451.0		0.457605	57.6439	9275362500.0		149338.0	0.0	50.0077	49.9923		253716194.0	6958575.0	571720206.0	6960729.0	0.686995	4.0169	0.0	0.0	3414474708.0	1932205460.0	30.5912
AD-10-LPS	54.2532	128809305.0	3321390913.0	86.5051	0.0	0.399469	2.0562	7.7819	0.632544	6264566687.0		0.459572	56.5324	9585957600.0		185633.0	0.0	49.9632	50.0368		229085988.0	6898006.0	487501931.0	6887870.0	0.711221	3.6569	0.0	0.0	3398730169.0	2020439294.0	32.2519
AD-11-Basal	57.4523	100434954.0	3221630830.0	88.9863	0.0	0.396086	1.5949	6.8648	0.641337	6297403070.0		0.463366	58.8697	9519033900.0		168293.0	0.0	50.0314	49.9686		160837573.0	7338918.0	432304871.0	7348143.0	0.715392	2.554	0.0	0.0	3618005046.0	1985820626.0	31.534
AD-11-IFNb	56.7512	111640709.0	3871738746.0	88.0193	0.0	0.398249	1.546	7.9698	0.638866	7221482154.0		0.461186	57.2989	11093220900.0		161249.0	0.0	49.9731	50.0269		178002818.0	8328028.0	575541119.0	8319081.0	0.677872	2.4649	0.0	0.0	4098274264.0	2258023244.0	31.2681
AD-11-LPS	54.8746	116885635.0	3717191275.0	87.5184	0.0	0.395973	1.702	8.126	0.65966	6867643025.0		0.470799	56.7836	10584834300.0		190356.0	0.0	49.9606	50.0394		182243341.0	7899521.0	558065361.0	7887069.0	0.705652	2.6537	0.0	0.0	3768589636.0	2241859052.0	32.6438
AD-2-Basal	62.3922	46296575.0	2386174979.0	93.7201	0.0	0.38288	0.654	4.4661	0.787164	7079096821.0		0.452793	70.0934	9465271800.0		136599.0	0.0	50.0537	49.9463		82103821.0	8871571.0	316161835.0	8890635.0	0.687096	1.1598	0.0	0.0	4416802657.0	2217731933.0	31.3279
AD-2-IFNb	61.7737	44972635.0	2221984207.0	93.4449	0.0	0.388775	0.6653	4.7521	0.779057	6760001393.0		0.429665	70.3283	8981985600.0		119356.0	0.0	50.0814	49.9186		76907629.0	8280082.0	321242352.0	8307087.0	0.642301	1.1377	0.0	0.0	4175905566.0	2140973211.0	31.6712
AD-2-LPS	60.2279	33874619.0	2514057202.0	93.8124	0.0	0.3775	0.4539	4.7785	0.784096	7462311098.0		0.435092	70.1716	9976368300.0		153463.0	0.0	49.9847	50.0153		71278783.0	9275798.0	356585251.0	9270121.0	0.697881	0.9552	0.0	0.0	4494392931.0	2506179514.0	33.5845
AD-3-Basal	61.9556	95602089.0	2337753433.0	92.55	0.0	0.426105	1.5003	4.1091	0.644065	6372271667.0		0.451894	67.7097	8710025100.0		215801.0	0.0	50.0166	49.9834		117290215.0	7618993.0	261843665.0	7624056.0	0.666066	1.8406	0.0	0.0	3947982065.0	1949553633.0	30.5943
AD-3-IFNb	63.5493	27010770.0	3010808418.0	95.8796	0.0	0.393195	0.3387	3.0964	0.728327	7974326982.0		0.4157	69.6009	10985135400.0		158672.0	0.0	49.9557	50.0443		54648585.0	9914046.0	246915751.0	9896486.0	0.642885	0.6853	0.0	0.0	5067629431.0	2578122445.0	32.3303
AD-3-LPS	62.7692	25423744.0	2035930092.0	94.5174	0.0	0.399693	0.3884	4.2569	0.742667	6546577608.0		0.421882	72.0961	8582507700.0		140874.0	0.0	50.005	49.995		54819013.0	8180281.0	278680442.0	8181926.0	0.661017	0.8374	0.0	0.0	4109232737.0	2078421672.0	31.7482
AD-4-Basal	62.9768	24752331.0	1957255340.0	94.2176	0.0	0.387697	0.4183	4.4843	0.782947	5917226260.0		0.43518	70.7992	7874481600.0		116119.0	0.0	50.0725	49.9275		52055144.0	7431268.0	265348484.0	7452838.0	0.656339	0.8797	0.0	0.0	3726479299.0	1848591002.0	31.2408
AD-4-IFNb	63.674	33122147.0	2517097685.0	95.8043	0.0	0.391316	0.4584	2.9396	0.743763	7224824215.0		0.425834	71.0506	9741921900.0		131508.0	0.0	49.9823	50.0177		57634260.0	9107876.0	212378057.0	9101424.0	0.648635	0.7977	0.0	0.0	4600337374.0	2321352377.0	32.1302
AD-4-LPS	62.402	36972891.0	2180482240.0	94.8446	0.0	0.393647	0.5556	3.4616	0.750178	6654269060.0		0.418832	71.4363	8834751300.0		154204.0	0.0	50.0579	49.9421		75732102.0	8378538.0	230346852.0	8397981.0	0.664907	1.1381	0.0	0.0	4152395670.0	2158821545.0	32.4427
AD-5-Basal	61.286	75761988.0	2372798887.0	93.4865	0.0	0.386907	0.9856	4.0698	0.792663	7686789113.0		0.431783	71.4354	10059588000.0		146998.0	0.0	50.0871	49.9129		112081460.0	9587983.0	312834374.0	9621461.0	0.642674	1.4581	0.0	0.0	4710922266.0	2475189025.0	32.2006
AD-5-IFNb	62.1159	53422961.0	2172750965.0	94.6441	0.0	0.387808	0.7498	3.4709	0.754754	7124663635.0		0.425578	72.5263	9297414600.0		118643.0	0.0	50.1159	49.8841		80877664.0	8841235.0	247288710.0	8882326.0	0.646664	1.1352	0.0	0.0	4425548358.0	2317525942.0	32.5282
AD-5-LPS	61.7717	48828038.0	2106076471.0	94.2685	0.0	0.384079	0.707	3.8185	0.774143	6906624029.0		0.435063	72.2399	9012700500.0		131444.0	0.0	50.1089	49.8911		83296685.0	8639422.0	263730456.0	8677128.0	0.657012	1.206	0.0	0.0	4266342218.0	2244426632.0	32.4967
AD-6-Basal	60.6077	25906445.0	2714220662.0	93.8085	0.0	0.381221	0.4295	4.739	0.758604	6031335838.0		0.431012	64.6946	8745556500.0		122355.0	0.0	50.0391	49.9609		61702842.0	7581740.0	285823383.0	7593618.0	0.692093	1.023	0.0	0.0	3655455940.0	2002447228.0	33.2007
AD-6-IFNb	60.9449	27277711.0	2331089708.0	93.7153	0.0	0.383999	0.3955	5.0064	0.765733	6896610892.0		0.427905	70.0411	9227700600.0		115347.0	0.0	50.0057	49.9943		60882703.0	8500902.0	345268804.0	8502833.0	0.649823	0.8828	0.0	0.0	4203132737.0	2260048937.0	32.7704
AD-6-LPS	62.0631	19773522.0	1968617253.0	95.0982	0.0	0.37646	0.3223	3.7576	0.773567	6135916947.0		0.426645	71.9985	8104534200.0		116092.0	0.0	50.0088	49.9912		50435979.0	7703561.0	230561254.0	7706288.0	0.67154	0.822	0.0	0.0	3808140520.0	2027005672.0	33.0351
AD-7-Basal	59.2596	110412656.0	3798259695.0	90.5001	0.0	0.383083	1.3891	6.0855	0.725779	7948354605.0		0.469219	61.237	11746614300.0		204501.0	0.0	50.0141	49.9859		160973986.0	9482915.0	483698002.0	9488253.0	0.708254	2.0252	0.0	0.0	4710164098.0	2483105863.0	31.2405
AD-7-IFNb	57.7629	111373679.0	3324564349.0	88.7207	0.0	0.381176	1.5435	7.5777	0.694617	7215452351.0		0.467453	60.7362	10540016700.0		159718.0	0.0	50.046	49.954		155710230.0	8505982.0	546768049.0	8521635.0	0.686688	2.158	0.0	0.0	4167856716.0	2233743677.0	30.9578
AD-7-LPS	58.1248	107258546.0	3359408736.0	89.7425	0.0	0.378903	1.55	6.4707	0.718949	6919758864.0		0.470551	60.4131	10279167600.0		179359.0	0.0	50.0421	49.9579		154779434.0	8219099.0	447755018.0	8232944.0	0.722304	2.2368	0.0	0.0	4022093512.0	2187872354.0	31.6178
AD-8-Basal	60.178	82874980.0	3210207888.0	91.5717	0.0	0.373375	1.1764	5.4635	0.722642	7044747912.0		0.479827	62.9062	10254955800.0		167773.0	0.0	50.0072	49.9928		125984109.0	8445481.0	384890690.0	8447908.0	0.719621	1.7883	0.0	0.0	4239391502.0	2211606631.0	31.3937
AD-8-IFNb	58.234	189455315.0	4446633222.0	89.6523	0.0	0.384879	1.9035	5.7323	0.68784	9952798578.0		0.448554	61.9671	14399431800.0		232198.0	0.0	50.0864	49.9136		269910992.0	11669341.0	570520165.0	11709746.0	0.708423	2.7119	0.0	0.0	5795914735.0	3126997371.0	31.4183
AD-8-LPS	58.4152	126436575.0	4022879673.0	90.1236	0.0	0.386841	1.4177	6.0632	0.661922	8918660127.0		0.458172	62.1086	12941539800.0		223855.0	0.0	50.0295	49.9705		213657724.0	10537364.0	540751808.0	10549821.0	0.714684	2.3956	0.0	0.0	5209852155.0	2827961865.0	31.7084
AD-9-Basal	44.7023	272869290.0	4107504608.0	74.9415	0.0	0.455242	4.0028	12.5692	0.655373	6816976792.0		0.42844	46.7642	10924481400.0		212450.0	0.0	49.9532	50.0468		578521064.0	6544282.0	856839112.0	6532051.0	0.596963	8.4865	0.0	0.0	3047348446.0	2061398880.0	30.2392
AD-9-IFNb	38.1409	399886191.0	4267406171.0	65.0243	0.0	0.488204	5.8153	15.7176	0.648915	6876445129.0		0.398642	40.124	11143851300.0		197649.0	0.0	50.0008	49.9992		924390450.0	5787561.0	1080809108.0	5787736.0	0.549139	13.4429	0.0	0.0	2622739913.0	1848619467.0	26.8834
AD-9-LPS	55.8698	157434840.0	4038540727.0	87.1621	0.0	0.397205	2.1443	6.6013	0.649475	7341937073.0		0.463677	56.2313	11380477800.0		220047.0	0.0	50.038	49.962		300449401.0	8236996.0	484662780.0	8249522.0	0.683702	4.0922	0.0	0.0	4101928086.0	2297461966.0	31.2923
Control-1-Basal	42.2289	201179923.0	3810798211.0	77.164	0.0	0.545452	3.4475	11.107	0.729342	5835511289.0		0.361018	46.6802	9646309500.0		221431.0	0.0	50.0415	49.9585		483265802.0	5502313.0	648152276.0	5511459.0	0.443878	8.2815	0.0	0.0	2464271895.0	2038641393.0	34.9351
Control-1-IFNb	37.3279	289083589.0	3888900474.0	69.3066	0.0	0.570433	4.8126	14.3239	0.726213	6006855426.0		0.318461	42.07	9895755900.0		194509.0	0.0	50.0202	49.9798		694214403.0	5338671.0	860413009.0	5342990.0	0.39307	11.557	0.0	0.0	2242235977.0	1920908448.0	31.9786
Control-1-LPS	41.5901	236796676.0	3532702221.0	76.1802	0.0	0.521133	3.9755	11.7576	0.683339	5956403379.0		0.369145	47.8191	9489105600.0		214941.0	0.0	49.9621	50.0379		481674249.0	5597656.0	700330692.0	5589186.0	0.47376	8.0867	0.0	0.0	2477275185.0	2060326577.0	34.5901
Control-10-Basal	50.3193	266697310.0	3693993886.0	79.855	0.0	0.416565	3.8971	9.9614	0.643899	6843471614.0		0.460469	51.8612	10537465500.0		201734.0	0.0	49.9997	50.0003		430210992.0	7121012.0	681706725.0	7120915.0	0.688336	6.2864	0.0	0.0	3443583702.0	2021272885.0	29.5358
Control-10-IFNb	50.7184	241551453.0	3051352078.0	79.9809	0.0	0.416307	3.8075	9.7308	0.630948	6344164922.0		0.451677	54.0057	9395517000.0		163980.0	0.0	50.0009	49.9991		411155003.0	6572551.0	617340187.0	6572778.0	0.684718	6.4808	0.0	0.0	3217662025.0	1856456254.0	29.2624
Control-10-LPS	45.9955	309250397.0	3074845949.0	74.9671	0.0	0.433518	5.1903	11.9325	0.617623	5958238351.0		0.444541	49.4484	9033084300.0		184340.0	0.0	49.9656	50.0344		471301300.0	5714022.0	710969592.0	5706155.0	0.669344	7.9101	0.0	0.0	2740523671.0	1726193391.0	28.9715
Control-11-Basal	53.5406	203416422.0	3147820023.0	84.1042	0.0	0.412738	3.0091	9.1255	0.628761	6760060677.0		0.447003	57.3835	9907880700.0		187553.0	0.0	49.8937	50.1063		254263787.0	7414326.0	616887526.0	7382853.0	0.676161	3.7613	0.0	0.0	3619375409.0	2066117533.0	30.5636
Control-11-IFNb	52.4915	223951715.0	3160517493.0	82.4194	0.0	0.418203	3.0512	10.5245	0.612152	7339790307.0		0.427058	57.6117	10500307800.0		178343.0	0.0	49.9723	50.0277		293952599.0	7899717.0	772477793.0	7890965.0	0.679139	4.0049	0.0	0.0	3852765038.0	2196643162.0	29.9279
Control-11-LPS	52.5389	197374941.0	3608928965.0	84.6898	0.0	0.415383	2.893	8.3024	0.642455	6822569035.0		0.447517	55.3901	10431498000.0		216413.0	0.0	49.9278	50.0722		280739264.0	7411013.0	566434748.0	7389630.0	0.697908	4.1149	0.0	0.0	3584500460.0	2193519622.0	32.1509
Control-2-Basal	61.0009	59232851.0	3760017838.0	93.7794	0.0	0.365953	0.7158	4.2674	0.778438	8275276562.0		0.484899	64.4812	12035294400.0		176071.0	0.0	50.0556	49.9444		102397852.0	10470639.0	353138814.0	10493934.0	0.716053	1.2374	0.0	0.0	5047994410.0	2712512635.0	32.7785
Control-2-IFNb	61.2364	27538285.0	2753161932.0	94.6215	0.0	0.380794	0.4034	4.0919	0.743783	6827157768.0		0.43268	67.4295	9580319700.0		119428.0	0.0	50.0396	49.9604		60298208.0	8575308.0	279360692.0	8588908.0	0.666898	0.8832	0.0	0.0	4180705600.0	2279254983.0	33.3851
Control-2-LPS	59.9349	24112699.0	2477357675.0	94.2151	0.0	0.380745	0.3661	4.1707	0.750445	6586188325.0		0.431188	68.4631	9063546000.0		164708.0	0.0	50.0443	49.9557		82205165.0	8336408.0	274689321.0	8351191.0	0.683137	1.2481	0.0	0.0	3947427194.0	2257753946.0	34.2801
Control-3-Basal	61.5084	38284388.0	2656221042.0	94.3225	0.0	0.381552	0.4485	4.3711	0.81533	8536389258.0		0.43247	71.938	11192610300.0		173119.0	0.0	50.0254	49.9746		73236824.0	10780235.0	373131725.0	10791200.0	0.660962	0.8579	0.0	0.0	5250598032.0	2801138289.0	32.8141
Control-3-IFNb	59.8521	31007907.0	2402447155.0	93.0308	0.0	0.383586	0.4429	5.6686	0.785053	7000516145.0		0.422344	69.2615	9402963300.0		126074.0	0.0	49.9712	50.0288		60042784.0	8662229.0	396829103.0	8652268.0	0.636942	0.8577	0.0	0.0	4189957292.0	2322679059.0	33.1787
Control-3-LPS	60.2551	31407949.0	2201041628.0	94.116	0.0	0.389294	0.4372	4.5899	0.733054	7183870372.0		0.415847	72.043	9384912000.0		149136.0	0.0	50.0702	49.9298		61556848.0	8913317.0	329731543.0	8938369.0	0.678672	0.8569	0.0	0.0	4328645650.0	2432528382.0	33.861
Control-4-Basal	62.7976	38514174.0	3242023835.0	93.2469	0.0	0.39198	0.4431	4.5398	0.745978	8691204865.0		0.42586	67.9135	11933228700.0		187702.0	0.0	50.0857	49.9143		153845208.0	10481116.0	394566268.0	10517113.0	0.662505	1.7701	0.0	0.0	5457867625.0	2646411590.0	30.4493
Control-4-IFNb	61.6617	62214392.0	3076042175.0	93.6636	0.0	0.3925	0.8601	3.8701	0.721025	7233452425.0		0.437802	65.7172	10309494600.0		139310.0	0.0	50.0491	49.9509		116185405.0	8904972.0	279941990.0	8922490.0	0.674467	1.6062	0.0	0.0	4460271036.0	2314839602.0	32.0019
Control-4-LPS	60.2702	68581096.0	3233442610.0	94.1066	0.0	0.389406	0.7441	3.703	0.734304	9216832790.0		0.438462	69.6663	12450275400.0		212148.0	0.0	49.9588	50.0412		133303895.0	11529712.0	341299996.0	11510738.0	0.707206	1.4463	0.0	0.0	5555003683.0	3118644120.0	33.8364
Control-5-Basal	61.8455	30696230.0	2420343895.0	93.8457	0.0	0.39424	0.4103	4.8211	0.747802	7481892305.0		0.421901	70.9076	9902236200.0		146021.0	0.0	50.0603	49.9397		69050135.0	9266405.0	360708964.0	9288770.0	0.667169	0.9229	0.0	0.0	4627214849.0	2394222127.0	32.0002
Control-5-IFNb	62.9582	29033037.0	3062067487.0	96.3705	0.0	0.386252	0.3426	2.5947	0.773711	8473557713.0		0.417861	70.7895	11535625200.0		146182.0	0.0	50.0537	49.9463		58651350.0	10675692.0	219862548.0	10698656.0	0.6327	0.6922	0.0	0.0	5334797612.0	2831213166.0	33.4123
Control-5-LPS	63.971	25768838.0	2841082813.0	96.2578	0.0	0.384641	0.3369	2.6778	0.782194	7649567387.0		0.437136	70.1892	10490650200.0		143166.0	0.0	50.0664	49.9336		55655706.0	9750137.0	204837556.0	9776063.0	0.660755	0.7276	0.0	0.0	4893508106.0	2469797181.0	32.2868
Control-6-Basal	56.6602	40430510.0	2473172545.0	88.857	0.0	0.379543	0.7693	8.1177	0.718729	5255486255.0		0.480234	60.4227	7728658800.0		148393.0	0.0	50.0814	49.9186		118562730.0	6196777.0	426625245.0	6216981.0	0.710122	2.256	0.0	0.0	2977770796.0	1692096974.0	32.1968
Control-6-IFNb	60.8086	32841349.0	2317425420.0	93.1469	0.0	0.39308	0.5329	5.0699	0.71716	6162184680.0		0.422395	67.6904	8479610100.0		116300.0	0.0	50.0606	49.9394		77045618.0	7568806.0	312415822.0	7587177.0	0.645652	1.2503	0.0	0.0	3747136548.0	1992745343.0	32.3383
Control-6-LPS	59.6398	32524099.0	2020628456.0	93.2235	0.0	0.394075	0.5036	4.9461	0.759524	6457736944.0		0.428489	71.0058	8478365400.0		146778.0	0.0	50.1052	49.8948		85676153.0	8029902.0	319407380.0	8063748.0	0.654386	1.3267	0.0	0.0	3851379716.0	2168749596.0	33.5837
Control-7-Basal	58.9072	94568520.0	3045184847.0	91.2521	0.0	0.395931	1.0467	6.0249	0.688982	9034862353.0		0.430889	68.2489	12080047200.0		217911.0	0.0	49.9961	50.0039		151453420.0	10754369.0	544342433.0	10752684.0	0.674928	1.6763	0.0	0.0	5322180431.0	2922317549.0	32.3449
Control-7-IFNb	57.2917	129072471.0	2669695783.0	90.6202	0.0	0.418861	1.567	5.9087	0.671367	8236933817.0		0.390197	68.4384	10906629600.0		178826.0	0.0	50.0525	49.9475		156836996.0	9648226.0	486698234.0	9668524.0	0.606436	1.9041	0.0	0.0	4719079008.0	2745247108.0	33.3285
Control-7-LPS	56.6641	95655665.0	2606336617.0	90.1421	0.0	0.413037	1.2275	6.708	0.690133	7792449983.0		0.395876	67.549	10398786600.0		191760.0	0.0	50.05	49.95		149803486.0	9089600.0	522715807.0	9107780.0	0.606967	1.9224	0.0	0.0	4415519804.0	2608755221.0	33.478
Control-8-Basal	59.6381	76683750.0	3062458642.0	91.6822	0.0	0.373523	1.0735	5.6	0.71255	7143338558.0		0.455637	64.1711	10205797200.0		167151.0	0.0	50.0661	49.9339		117453208.0	8582153.0	400028776.0	8604882.0	0.716223	1.6442	0.0	0.0	4260151632.0	2289021192.0	32.0441
Control-8-IFNb	57.7494	129071563.0	3054520389.0	89.2396	0.0	0.378039	1.7309	6.9286	0.739897	7456774911.0		0.462362	63.3071	10511295300.0		162740.0	0.0	49.9879	50.0121		156655960.0	8743058.0	516652051.0	8738833.0	0.700666	2.1009	0.0	0.0	4306239672.0	2348155665.0	31.4902
Control-8-LPS	60.025	89672491.0	3154521803.0	92.0168	0.0	0.383348	1.1391	5.1367	0.703454	7872314797.0		0.455494	65.6929	11026836600.0		204065.0	0.0	50.0523	49.9477		134416410.0	9483366.0	404373357.0	9503236.0	0.717889	1.7075	0.0	0.0	4725360483.0	2518492056.0	31.9918
Control-9-Basal	46.0163	286582956.0	4501472801.0	75.6382	0.0	0.457013	3.8283	11.7337	0.631507	7485917299.0		0.428829	47.2347	11987390100.0		239827.0	0.0	49.9965	50.0035		658747969.0	7264578.0	878375776.0	7263549.0	0.614939	8.7998	0.0	0.0	3444741446.0	2217469152.0	29.6219
Control-9-IFNb	49.9935	216004785.0	4090192923.0	80.2974	0.0	0.439271	3.1613	9.6757	0.635599	6832802577.0		0.426129	50.2295	10922995500.0		190214.0	0.0	50.0154	49.9846		469112227.0	7088289.0	661121144.0	7092664.0	0.629985	6.8656	0.0	0.0	3415958605.0	2070605816.0	30.3039
Control-9-LPS	47.4648	260365372.0	4633010284.0	78.5625	0.0	0.440037	3.3956	11.5687	0.615654	7667625116.0		0.425969	48.9721	12300635400.0		231998.0	0.0	49.9848	50.0152		496334621.0	7690150.0	887046213.0	7685475.0	0.646264	6.4731	0.0	0.0	3639423692.0	2384455218.0	31.0977
MCI-1-Basal	45.2167	159299495.0	2957877594.0	78.2804	0.0	0.524157	3.1425	10.1721	0.693222	5069217306.0		0.397303	49.4351	8027094900.0		201859.0	0.0	50.0802	49.9198		426071997.0	4910690.0	515643856.0	4926477.0	0.489806	8.4051	0.0	0.0	2292130303.0	1676071655.0	33.0637
MCI-1-IFNb	43.2446	189262560.0	3552693952.0	78.4748	0.0	0.54394	3.5989	9.8317	0.710458	5258882048.0		0.33912	46.8349	8811576000.0		178771.0	0.0	50.0181	49.9819		425687099.0	5221182.0	517035247.0	5224959.0	0.42595	8.0946	0.0	0.0	2274180337.0	1852716805.0	35.2302
MCI-1-LPS	52.7154	102468212.0	3299662803.0	88.4857	0.0	0.471344	1.6965	6.5584	0.629008	6039985197.0		0.430795	57.224	9339648000.0		225078.0	0.0	49.8307	50.1693		196869318.0	6628148.0	396125444.0	6583413.0	0.580995	3.2594	0.0	0.0	3184003692.0	2160518531.0	35.7703
MCI-10-Basal	58.2863	105257746.0	3072461665.0	89.588	0.0	0.381793	1.4415	6.692	0.722905	7302193235.0		0.477062	63.0565	10374654900.0		175806.0	0.0	50.0491	49.9509		166379264.0	8737866.0	488664683.0	8755052.0	0.705243	2.2785	0.0	0.0	4256180066.0	2285711476.0	31.3017
MCI-10-IFNb	59.0608	50367490.0	2574707482.0	89.764	0.0	0.382331	0.8426	7.5367	0.734541	5977391918.0		0.466058	62.7395	8552099400.0		127647.0	0.0	50.02	49.98		110983761.0	7061171.0	450495625.0	7066828.0	0.697901	1.8567	0.0	0.0	3530295919.0	1835249123.0	30.7032
MCI-10-LPS	56.0257	83775858.0	2636333687.0	89.3452	0.0	0.400258	1.5275	6.5621	0.658337	5484378913.0		0.450925	60.3399	8120712600.0		161332.0	0.0	49.9738	50.0262		140681961.0	6227938.0	359890316.0	6221413.0	0.675943	2.5651	0.0	0.0	3072662283.0	1827368495.0	33.3195
MCI-11-Basal	58.5275	111554604.0	3634921021.0	90.3105	0.0	0.394536	1.3967	5.8984	0.684997	7986786179.0		0.453232	62.0641	11621707200.0		211262.0	0.0	50.0126	49.9874		191230603.0	9379061.0	471092178.0	9383790.0	0.677378	2.3943	0.0	0.0	4674464823.0	2538443971.0	31.783
MCI-11-IFNb	59.2475	87147167.0	3213144388.0	89.1963	0.0	0.380876	1.2812	7.0897	0.692042	6801813512.0		0.482728	60.5791	10014957900.0		155654.0	0.0	49.9946	50.0054		165468276.0	7972902.0	482230936.0	7971188.0	0.733671	2.4327	0.0	0.0	4029903977.0	2037063156.0	29.9488
MCI-11-LPS	55.1239	121492370.0	2810082999.0	87.9462	0.0	0.397397	1.6863	7.3506	0.649732	7204820901.0		0.450447	63.2694	10014903900.0		191818.0	0.0	49.9709	50.0291		217363839.0	8194197.0	529596130.0	8184668.0	0.720296	3.0169	0.0	0.0	3971575034.0	2364793528.0	32.8224
MCI-2-Basal	61.5847	32517528.0	2535207989.0	94.0208	0.0	0.383865	0.4556	4.5201	0.758574	7137734311.0		0.429486	69.3786	9672942300.0		134956.0	0.0	50.0082	49.9918		71627831.0	8997135.0	322636206.0	9000073.0	0.670715	1.0035	0.0	0.0	4395753230.0	2315199516.0	32.4361
MCI-2-IFNb	63.4189	29339395.0	2348106155.0	94.5338	0.0	0.390935	0.4371	4.0849	0.755536	6711717145.0		0.433192	70.0327	9059823300.0		121717.0	0.0	50.039	49.961		63370694.0	8328868.0	274164778.0	8341878.0	0.625798	0.9442	0.0	0.0	4256497997.0	2088344281.0	31.1149
MCI-2-LPS	60.1073	20631204.0	2233688760.0	93.9124	0.0	0.382702	0.3336	4.8366	0.74904	6184474740.0		0.422844	68.9935	8418163500.0		131138.0	0.0	50.0732	49.9268		56738999.0	7757089.0	299115268.0	7779837.0	0.679714	0.9174	0.0	0.0	3717321189.0	2090668080.0	33.8051
MCI-3-Basal	61.685	26623540.0	2332172332.0	94.6114	0.0	0.382911	0.4231	4.0154	0.757566	6293148068.0		0.433675	69.0297	8625320400.0		129347.0	0.0	50.0464	49.9536		59792739.0	7917301.0	252697692.0	7932002.0	0.683714	0.9501	0.0	0.0	3881930909.0	2072103188.0	32.9263
MCI-3-IFNb	63.0234	24716877.0	1959005251.0	94.8058	0.0	0.387339	0.3853	3.952	0.744162	6414866549.0		0.426493	72.6267	8373871800.0		105453.0	0.0	50.0275	49.9725		54972352.0	8021544.0	253513589.0	8030383.0	0.660027	0.857	0.0	0.0	4042865670.0	2038798061.0	31.7824
MCI-3-LPS	59.4591	33290899.0	2441029570.0	93.2303	0.0	0.38708	0.4408	5.3542	0.750351	7552813130.0		0.431569	70.4585	9993842700.0		139947.0	0.0	49.9913	50.0087		73620602.0	9300110.0	404394569.0	9296885.0	0.683651	0.9747	0.0	0.0	4490833456.0	2550673604.0	33.7712
MCI-4-Basal	63.1816	31570883.0	2293802526.0	95.3383	0.0	0.383374	0.4445	3.236	0.770288	7102690374.0		0.430521	72.065	9396492900.0		137846.0	0.0	50.0329	49.9671		69694458.0	9034837.0	229840468.0	9046734.0	0.662048	0.9812	0.0	0.0	4487591011.0	2283993554.0	32.1567
MCI-4-IFNb	62.9836	53050446.0	2352785598.0	94.6403	0.0	0.396832	0.6989	3.6103	0.714847	7590546102.0		0.430493	72.2466	9943331700.0		129480.0	0.0	50.0371	49.9629		79734918.0	9405414.0	274045113.0	9419399.0	0.66464	1.0505	0.0	0.0	4780795634.0	2402919991.0	31.6567
MCI-4-LPS	59.3764	52726623.0	2275279484.0	93.7273	0.0	0.395054	0.8044	4.0244	0.748692	6554802316.0		0.429342	69.5762	8830081800.0		152095.0	0.0	49.9862	50.0138		94645204.0	8173655.0	263793584.0	8169129.0	0.67082	1.4439	0.0	0.0	3892007456.0	2251629449.0	34.3508
MCI-5-Basal	63.2157	37324330.0	2291160373.0	95.2199	0.0	0.380271	0.5062	3.367	0.759324	7374122927.0		0.437308	72.6479	9665283300.0		141155.0	0.0	50.0461	49.9539		66882205.0	9312281.0	248286504.0	9329458.0	0.675378	0.907	0.0	0.0	4661602829.0	2360027059.0	32.0042
MCI-5-IFNb	62.0556	37615276.0	2499684712.0	95.0149	0.0	0.386685	0.476	3.666	0.745792	7902671288.0		0.416726	72.1828	10402356000.0		125998.0	0.0	50.0882	49.9118		66632962.0	9875272.0	289708579.0	9910155.0	0.634237	0.8432	0.0	0.0	4904047973.0	2604666498.0	32.9593
MCI-5-LPS	62.0341	39417013.0	2252709045.0	94.5335	0.0	0.380386	0.543	3.8534	0.73499	7258686855.0		0.43887	72.1439	9511395900.0		142238.0	0.0	50.0485	49.9515		77670079.0	9085381.0	279709286.0	9103023.0	0.686025	1.07	0.0	0.0	4502858945.0	2359031532.0	32.4994
MCI-6-Basal	59.5091	32559092.0	2138975614.0	93.0828	0.0	0.385104	0.5416	5.2165	0.777489	6012200486.0		0.425293	68.6566	8151176100.0		119939.0	0.0	50.0236	49.9764		69688334.0	7453816.0	313628758.0	7460867.0	0.661479	1.1591	0.0	0.0	3577807903.0	2018516399.0	33.5737
MCI-6-IFNb	59.01	28501210.0	3067420713.0	92.7844	0.0	0.38597	0.4676	5.6728	0.758503	6095164887.0		0.418504	61.7223	9162585600.0		105040.0	0.0	50.0422	49.9578		65534055.0	7511683.0	345767179.0	7524366.0	0.626533	1.0752	0.0	0.0	3596757916.0	2058604527.0	33.7744
MCI-6-LPS	58.8681	23038622.0	2287281261.0	91.1505	0.0	0.378616	0.3508	7.3166	0.768784	6567297939.0		0.437399	67.6048	8854579200.0		138871.0	0.0	50.0442	49.9558		77633050.0	7917072.0	480502721.0	7931079.0	0.681557	1.1821	0.0	0.0	3866042594.0	2120080952.0	32.2824
MCI-7-Basal	57.1165	145735877.0	3042688854.0	89.5302	0.0	0.39885	1.647	6.7938	0.722546	8848826046.0		0.414524	66.6221	11891514900.0		202064.0	0.0	50.0169	49.9831		179539827.0	10389362.0	601175479.0	10396371.0	0.664261	2.029	0.0	0.0	5054143759.0	2868231104.0	32.4137
MCI-7-IFNb	56.8008	200248282.0	2823584460.0	90.2465	0.0	0.395429	2.1733	5.5396	0.695095	9214107840.0		0.414935	69.0781	12037692300.0		182376.0	0.0	50.0077	49.9923		188024831.0	10916364.0	510428588.0	10919721.0	0.657982	2.0406	0.0	0.0	5233690208.0	3081715931.0	33.4456
MCI-7-LPS	53.2419	163585804.0	3258696774.0	89.2696	0.0	0.406973	1.7862	6.7882	0.721407	9158132826.0		0.425888	65.8415	12416829600.0		231263.0	0.0	49.9153	50.0847		197443909.0	10765541.0	621675621.0	10729123.0	0.619881	2.1559	0.0	0.0	4875964600.0	3299462892.0	36.0277
MCI-8-Basal	60.3279	56476957.0	3161395307.0	92.1309	0.0	0.384888	0.7661	5.4961	0.677068	7371568693.0		0.459988	64.4784	10532964000.0		180094.0	0.0	49.9825	50.0175		118451620.0	8900147.0	405150637.0	8893910.0	0.753358	1.6069	0.0	0.0	4447109464.0	2344380015.0	31.803
MCI-8-IFNb	58.7935	71088604.0	3650974818.0	91.5484	0.0	0.369609	0.9742	5.5684	0.735342	7297130082.0		0.471318	61.0188	10948104900.0		160781.0	0.0	50.0105	49.9895		139298434.0	8821050.0	406336525.0	8824740.0	0.726856	1.9089	0.0	0.0	4290238723.0	2390167796.0	32.7549
MCI-8-LPS	59.8369	51188073.0	3053076332.0	92.2874	0.0	0.38083	0.7309	5.3804	0.698455	7002954568.0		0.456892	64.2684	10056030900.0		182877.0	0.0	49.9852	50.0148		112134837.0	8543742.0	376784577.0	8538694.0	0.712605	1.6013	0.0	0.0	4190351091.0	2272495990.0	32.4505
MCI-9-Basal	40.6105	258947848.0	4200134624.0	71.1606	0.0	0.497394	3.8237	13.9708	0.677751	6772196476.0		0.399029	43.9208	10972331100.0		227096.0	0.0	50.0198	49.9802		747981945.0	6102451.0	946128112.0	6107276.0	0.530766	11.0449	0.0	0.0	2750226136.0	2068912435.0	30.5501
MCI-9-IFNb	46.4972	185871928.0	4229385315.0	76.364	0.0	0.451259	2.8513	13.552	0.618442	6518919885.0		0.419718	46.3153	10748305200.0		177741.0	0.0	50.0106	49.9894		471494293.0	6392951.0	883443854.0	6395665.0	0.597725	7.2327	0.0	0.0	3031112795.0	1946997015.0	29.8669
MCI-9-LPS	48.2407	102052742.0	3464628523.0	80.1437	0.0	0.451427	1.7404	13.4424	0.604695	5863757477.0		0.415955	50.3778	9328386000.0		178426.0	0.0	49.9784	50.0216		274040928.0	5931799.0	788231427.0	5926683.0	0.625645	4.6735	0.0	0.0	2828719137.0	1870713243.0	31.903
PD-1-Basal	46.6295	215069160.0	3622682141.0	79.4785	0.0	0.498503	3.3434	9.8557	0.664058	6432733459.0		0.409005	50.8446	10055415600.0		223235.0	0.0	49.935	50.065		471032270.0	6375083.0	633991492.0	6358530.0	0.526891	7.3224	0.0	0.0	2999548738.0	2113091799.0	32.849
PD-1-IFNb	42.968	200254177.0	4318959447.0	78.6999	0.0	0.53706	2.8729	11.029	0.712413	6970417053.0		0.335673	48.5918	11289376500.0		216517.0	0.0	49.8855	50.1145		515682461.0	6994976.0	768770145.0	6963018.0	0.42209	7.3982	0.0	0.0	2995045350.0	2490664920.0	35.7319
PD-1-LPS	45.125	193238267.0	4159946214.0	79.3387	0.0	0.525779	2.7849	10.1527	0.705097	6938672886.0		0.379799	49.6013	11098619100.0		248950.0	0.0	49.8548	50.1452		535913177.0	6819759.0	704465295.0	6780273.0	0.467231	7.7236	0.0	0.0	3131079044.0	2373977103.0	34.2137
PD-10-Basal	57.4243	86078541.0	3068423561.0	89.6366	0.0	0.403212	1.4029	6.3453	0.658792	6135780139.0		0.470388	59.7543	9204203700.0		184459.0	0.0	49.9456	50.0544		160464093.0	7121256.0	389332447.0	7105788.0	0.694964	2.6152	0.0	0.0	3523429003.0	1976476055.0	32.2123
PD-10-IFNb	53.6643	115368531.0	3650372185.0	85.9371	0.0	0.409233	1.9047	8.0538	0.648096	6057179615.0		0.456834	53.6218	9707551800.0		152700.0	0.0	49.9583	50.0417		248614401.0	6825966.0	487834448.0	6814595.0	0.657629	4.1045	0.0	0.0	3250541328.0	1954820907.0	32.2728
PD-10-LPS	49.5315	137715314.0	3120093246.0	81.4148	0.0	0.439392	2.2437	11.3937	0.627054	6137962854.0		0.440074	53.9769	9258056100.0		187493.0	0.0	49.8955	50.1045		303700165.0	6170786.0	699339263.0	6145041.0	0.659985	4.9479	0.0	0.0	3040223741.0	1956984371.0	31.8833
PD-11-Basal	57.5614	111749894.0	2878841556.0	87.9171	0.0	0.377144	1.677	7.8838	0.737712	6663705744.0		0.474965	61.3938	9542547300.0		156285.0	0.0	50.0631	49.9369		168067121.0	7872312.0	525352340.0	7892199.0	0.738232	2.5221	0.0	0.0	3835720267.0	2022816122.0	30.3557
PD-11-IFNb	58.1084	89974363.0	2949050781.0	89.2174	0.0	0.376967	1.5263	6.6876	0.705056	5894798019.0		0.474251	59.4671	8843848800.0		129908.0	0.0	50.0287	49.9713		151419189.0	6895297.0	394220373.0	6903206.0	0.68984	2.5687	0.0	0.0	3425373793.0	1833810301.0	31.109
PD-11-LPS	50.2195	117314050.0	2820688052.0	81.7483	0.0	0.415484	2.1002	11.9099	0.619067	5585815348.0		0.447586	54.3188	8406503400.0		164424.0	0.0	49.9546	50.0454		236924439.0	5766639.0	665264987.0	5756185.0	0.705324	4.2415	0.0	0.0	2805166298.0	1761145574.0	31.5289
PD-2-Basal	62.3505	35525141.0	2382136459.0	94.2257	0.0	0.381304	0.5499	4.1362	0.799824	6460710341.0		0.452526	68.8427	8842846800.0		131392.0	0.0	50.0804	49.9196		70306742.0	8232077.0	267226334.0	8258582.0	0.666096	1.0882	0.0	0.0	4028284224.0	2059367900.0	31.8753
PD-2-IFNb	63.1681	24151727.0	2184912226.0	94.8879	0.0	0.38676	0.3844	3.8609	0.788095	6283531574.0		0.440585	70.4062	8468443800.0		114811.0	0.0	50.0412	49.9588		54465888.0	7872627.0	242602079.0	7885602.0	0.646274	0.8668	0.0	0.0	3969185553.0	1993126327.0	31.7198
PD-2-LPS	58.9283	35407505.0	2298710113.0	92.2614	0.0	0.388868	0.5708	5.9922	0.780631	6203005487.0		0.437388	67.3156	8501715600.0		137909.0	0.0	50.0249	49.9751		72926201.0	7653780.0	371694522.0	7661410.0	0.688896	1.1757	0.0	0.0	3655327141.0	2067650118.0	33.333
PD-3-Basal	60.2434	77944702.0	2920219528.0	92.1829	0.0	0.382861	0.8809	5.2971	0.784391	8848178672.0		0.438901	69.3085	11768398200.0		174025.0	0.0	50.0081	49.9919		145031973.0	10901160.0	468697081.0	10904714.0	0.706586	1.6391	0.0	0.0	5330441565.0	2826063351.0	31.9395
PD-3-IFNb	59.6784	82829756.0	3185729349.0	91.5883	0.0	0.39228	0.971	5.698	0.718205	8530654851.0		0.431472	66.6851	11716384200.0		163366.0	0.0	50.0607	49.9393		148660554.0	10344863.0	486080831.0	10370004.0	0.683748	1.7427	0.0	0.0	5090955432.0	2722128278.0	31.91
PD-3-LPS	58.6574	54357470.0	2510624679.0	91.8365	0.0	0.392465	0.7749	5.5671	0.749857	7014644721.0		0.438219	67.6306	9525269400.0		164628.0	0.0	50.072	49.928		127776782.0	8668526.0	390508956.0	8693522.0	0.700909	1.8216	0.0	0.0	4114608140.0	2327393373.0	33.1791
PD-4-Basal	61.0991	58362523.0	2740251523.0	94.16	0.0	0.388086	0.7175	4.0422	0.782555	8134461077.0		0.430072	70.4332	10874712600.0		159547.0	0.0	50.0406	49.9594		87876328.0	10212596.0	328810336.0	10229214.0	0.636875	1.0803	0.0	0.0	4970078480.0	2689333410.0	33.061
PD-4-IFNb	60.2604	69761418.0	2214195180.0	92.3848	0.0	0.395317	1.0417	5.1026	0.734405	6696761220.0		0.418213	69.429	8910956400.0		122336.0	0.0	50.0802	49.9198		98502558.0	8176341.0	341705888.0	8202606.0	0.63853	1.4709	0.0	0.0	4035492604.0	2151298752.0	32.1245
PD-4-LPS	59.784	76873998.0	2789992872.0	92.7621	0.0	0.395256	0.9436	4.6707	0.74309	8146775928.0		0.424909	69.0983	10936768800.0		200225.0	0.0	50.0234	49.9766		132272341.0	10124138.0	380509631.0	10133601.0	0.649959	1.6236	0.0	0.0	4870468477.0	2686651481.0	32.9781
PD-5-Basal	61.2124	53947032.0	2596994952.0	93.296	0.0	0.38224	0.7264	4.7706	0.76859	7427067648.0		0.438433	69.1252	10024062600.0		152482.0	0.0	50.0385	49.9615		89651455.0	9275566.0	354313250.0	9289853.0	0.679364	1.2071	0.0	0.0	4546283415.0	2382872496.0	32.0836
PD-5-IFNb	61.5681	68811205.0	2322370534.0	94.1031	0.0	0.389598	1.0024	3.6434	0.732685	6864370766.0		0.422302	70.3142	9186741300.0		119037.0	0.0	50.0916	49.9084		85879905.0	8517268.0	250095406.0	8548536.0	0.647535	1.2511	0.0	0.0	4226266058.0	2233318192.0	32.5349
PD-5-LPS	62.2938	39500003.0	2314586185.0	94.4719	0.0	0.386359	0.5537	3.9383	0.766681	7134454715.0		0.436946	71.3305	9449040900.0		144263.0	0.0	50.0467	49.9533		73926033.0	8929550.0	280977170.0	8946253.0	0.681897	1.0362	0.0	0.0	4444324073.0	2295727436.0	32.178
PD-6-Basal	56.8984	84104413.0	2728789918.0	89.3782	0.0	0.37207	1.1533	7.3868	0.801337	7292302682.0		0.454565	65.0401	10021092600.0		144228.0	0.0	49.9685	50.0315		151796900.0	8786878.0	538670815.0	8775822.0	0.684934	2.0816	0.0	0.0	4149200469.0	2368530085.0	32.4799
PD-6-IFNb	58.4955	52572766.0	3075920897.0	91.2713	0.0	0.380335	0.5869	6.9796	0.76349	8957638003.0		0.424436	67.9412	12033558900.0		152198.0	0.0	50.0435	49.9565		104110765.0	10720288.0	625204595.0	10738969.0	0.652802	1.1623	0.0	0.0	5239816656.0	2935933221.0	32.7758
PD-6-LPS	57.8082	61122421.0	2999271640.0	91.3927	0.0	0.377336	0.6418	6.5659	0.760403	9523859960.0		0.433286	69.5043	12523131600.0		178397.0	0.0	49.9974	50.0026		133293651.0	11463553.0	625331009.0	11462345.0	0.672776	1.3996	0.0	0.0	5505568442.0	3198544437.0	33.5845
PD-7-Basal	59.3956	144134468.0	4541211367.0	90.7476	0.0	0.379404	1.5957	5.1531	0.717894	9032901233.0		0.48489	60.388	13574112600.0		245937.0	0.0	49.9908	50.0092		226148203.0	10861595.0	465477876.0	10857588.0	0.718395	2.5036	0.0	0.0	5365150068.0	2831990618.0	31.3519
PD-7-IFNb	56.9612	143242921.0	3589470594.0	87.8844	0.0	0.386246	1.7497	7.8287	0.700198	8186915406.0		0.462098	61.097	11776386000.0		176960.0	0.0	49.9867	50.0133		207722972.0	9520681.0	640931655.0	9515611.0	0.695621	2.5373	0.0	0.0	4663365173.0	2531652685.0	30.9232
PD-7-LPS	56.6734	130079449.0	3635573651.0	87.7058	0.0	0.383854	1.5971	8.2998	0.722172	8144587549.0		0.47361	60.6382	11780161200.0		217186.0	0.0	50.0236	49.9764		195248573.0	9455618.0	675982442.0	9464533.0	0.714531	2.3973	0.0	0.0	4615814950.0	2527462135.0	31.0324
PD-8-Basal	56.9973	132734627.0	4877658395.0	89.68	0.0	0.387563	1.3142	6.9509	0.66168	10099887805.0		0.465341	60.4744	14977546200.0		250023.0	0.0	49.9754	50.0246		207542485.0	11806419.0	702029059.0	11794796.0	0.718182	2.0549	0.0	0.0	5756663002.0	3300918632.0	32.6827
PD-8-IFNb	56.2651	194222794.0	4319621962.0	87.872	0.0	0.386637	1.9152	7.42	0.675879	10140896438.0		0.450061	61.623	14460518400.0		219403.0	0.0	50.008	49.992		283215309.0	11687292.0	752450226.0	11691026.0	0.696656	2.7928	0.0	0.0	5705783449.0	3205224660.0	31.6069
PD-8-LPS	58.5273	94379745.0	4464775552.0	92.2033	0.0	0.378682	1.0027	4.9851	0.689039	9412969748.0		0.467426	62.5395	13877745300.0		252319.0	0.0	50.0225	49.9775		170275669.0	11459788.0	469242967.0	11470116.0	0.736336	1.8089	0.0	0.0	5509159195.0	3169912172.0	33.676
PD-9-Basal	30.2438	485116227.0	4751976226.0	58.4227	0.0	0.629001	7.8552	18.5978	0.761473	6175732574.0		0.316895	33.0172	10927708800.0		219264.0	0.0	49.9644	50.0356		934040803.0	4644536.0	1148548125.0	4637926.0	0.354928	15.1244	0.0	0.0	1867775235.0	1740252184.0	28.1789
PD-9-IFNb	44.0666	352965269.0	4222882862.0	76.4449	0.0	0.469123	5.3205	11.8275	0.663338	6634076938.0		0.395015	46.7112	10856959800.0		178929.0	0.0	49.9105	50.0895		425051843.0	6602019.0	784648244.0	6578417.0	0.534107	6.4071	0.0	0.0	2923414936.0	2147996646.0	32.3782
PD-9-LPS	44.5114	291490819.0	4354210572.0	77.7536	0.0	0.489363	4.112	12.0133	0.669618	7088803428.0		0.387017	48.1674	11443014000.0		226594.0	0.0	49.8985	50.1015		433912154.0	6953247.0	851598617.0	6925076.0	0.520901	6.1211	0.0	0.0	3155328726.0	2356473112.0	33.2422
YC-1-Basal	33.1635	410736135.0	4719820917.0	61.9711	0.0	0.610645	6.1467	16.508	0.781555	6682243683.0		0.330805	36.3185	11402064600.0		257280.0	0.0	49.9045	50.0955		1027341190.0	5195335.0	1103106404.0	5175519.0	0.390268	15.3742	0.0	0.0	2216066382.0	1924993572.0	28.8076
YC-1-IFNb	37.1881	351277034.0	3734220365.0	68.2929	0.0	0.56831	5.8392	14.5169	0.720345	6015868135.0		0.324672	42.1372	9750088500.0		195458.0	0.0	50.0324	49.9676		682857711.0	5239910.0	873319687.0	5246705.0	0.417012	11.3509	0.0	0.0	2237185249.0	1871228454.0	31.1049
YC-1-LPS	36.9549	401133029.0	4345273398.0	67.8749	0.0	0.558593	5.9846	13.9129	0.708902	6702744102.0		0.344468	41.1792	11048017500.0		241334.0	0.0	49.8144	50.1856		819583965.0	5520936.0	932545985.0	5480109.0	0.427034	12.2276	0.0	0.0	2476990251.0	2072490872.0	30.92
YC-10-Basal	51.7875	150150800.0	3564412221.0	83.4664	0.0	0.424652	2.3822	9.6757	0.632802	6302942379.0		0.446968	53.3156	9867354600.0		186124.0	0.0	49.9495	50.0505		282099674.0	6848255.0	609852432.0	6834427.0	0.665335	4.4757	0.0	0.0	3264135856.0	1996703617.0	31.6789
YC-10-IFNb	54.6035	127693442.0	3296163110.0	85.9227	0.0	0.410381	2.0168	8.2629	0.610838	6331437490.0		0.454645	56.5057	9627600600.0		157015.0	0.0	49.9461	50.0539		240444598.0	7093855.0	523160481.0	7078572.0	0.682394	3.7976	0.0	0.0	3457184351.0	1982954618.0	31.3192
YC-10-LPS	49.517	155658854.0	3966516299.0	81.7171	0.0	0.425202	2.5843	10.9729	0.642959	6023262601.0		0.450975	49.2707	9989778900.0		178438.0	0.0	49.9186	50.0814		284640854.0	6301904.0	660925147.0	6281417.0	0.701385	4.7257	0.0	0.0	2982538242.0	1939499504.0	32.2001
YC-11-Basal	59.4781	123069414.0	3761607267.0	90.333	0.0	0.376704	1.513	5.9533	0.701556	8134042533.0		0.462568	61.7682	11895649800.0		188324.0	0.0	50.0447	49.9553		179005455.0	9801705.0	484241906.0	9819232.0	0.719298	2.2007	0.0	0.0	4837974207.0	2509751551.0	30.8549
YC-11-IFNb	54.6628	140318849.0	3487452757.0	85.5445	0.0	0.394588	2.1596	8.7975	0.638863	6497340743.0		0.456235	55.6658	9984793500.0		157092.0	0.0	49.9964	50.0036		227298349.0	7285393.0	571605914.0	7284352.0	0.693028	3.4983	0.0	0.0	3551630239.0	2006487392.0	30.8817
YC-11-LPS	53.1928	146202745.0	3269488328.0	85.8176	0.0	0.405056	2.1736	8.5603	0.641491	6726295972.0		0.451612	57.7478	9995784300.0		198403.0	0.0	49.9785	50.0215		231957475.0	7458855.0	575790203.0	7452434.0	0.705802	3.4485	0.0	0.0	3577904318.0	2194441231.0	32.6248
YC-2-Basal	60.8094	51745692.0	2608614288.0	92.8058	0.0	0.380196	0.6609	5.3763	0.767269	7829208612.0		0.446611	69.6118	10437822900.0		161963.0	0.0	49.9823	50.0177		90577645.0	9704556.0	420923932.0	9697700.0	0.679325	1.1569	0.0	0.0	4760894758.0	2505066585.0	31.9964
YC-2-IFNb	61.1723	58287777.0	2509132506.0	92.8502	0.0	0.389908	0.7183	5.3681	0.773795	8115039294.0		0.423822	70.9216	10624171800.0		145259.0	0.0	50.0368	49.9632		86298289.0	9882308.0	435620469.0	9896851.0	0.658041	1.0634	0.0	0.0	4964154860.0	2570677899.0	31.6779
YC-2-LPS	59.3609	34218247.0	2158750230.0	92.9541	0.0	0.377636	0.5239	5.4306	0.779993	6532045770.0		0.447532	69.8647	8690796000.0		152050.0	0.0	49.9863	50.0137		71298446.0	8105481.0	354727033.0	8101051.0	0.672588	1.0915	0.0	0.0	3877483237.0	2194318807.0	33.5931
YC-3-Basal	61.0616	56639916.0	2562853964.0	92.9379	0.0	0.379402	0.7707	5.0185	0.78584	7349269036.0		0.456291	68.9081	9912123000.0		153029.0	0.0	50.0642	49.9358		93546837.0	9172646.0	368822407.0	9196246.0	0.689227	1.2729	0.0	0.0	4487582484.0	2342677392.0	31.8763
YC-3-IFNb	61.9138	38355177.0	2967936551.0	94.1266	0.0	0.384624	0.4247	4.6871	0.75343	9031880449.0		0.429875	70.8461	11999817000.0		150018.0	0.0	50.083	49.917		68790328.0	11038214.0	423333359.0	11074920.0	0.675029	0.7616	0.0	0.0	5591981573.0	2909420012.0	32.2128
YC-3-LPS	61.0156	35736671.0	2937788936.0	94.1732	0.0	0.391274	0.3818	4.5466	0.750952	9360335464.0		0.421398	71.677	12298124400.0		196383.0	0.0	50.042	49.958		84089149.0	11587944.0	425581683.0	11607421.0	0.663998	0.8984	0.0	0.0	5711267979.0	3103659982.0	33.1576
YC-4-Basal	62.3937	45484868.0	2411968594.0	94.5387	0.0	0.384605	0.5912	3.7787	0.742193	7693079606.0		0.431169	71.9733	10105048200.0		145821.0	0.0	49.9875	50.0125		83959406.0	9623199.0	290695868.0	9618387.0	0.672318	1.0914	0.0	0.0	4799993552.0	2472945912.0	32.1451
YC-4-IFNb	60.2828	90813060.0	3155209926.0	93.0099	0.0	0.389245	0.9529	4.5483	0.70859	9529838574.0		0.416534	69.8751	12685048500.0		172859.0	0.0	50.0001	49.9999		141887693.0	11713511.0	433442799.0	11713560.0	0.685237	1.4889	0.0	0.0	5744853543.0	3118841479.0	32.7271
YC-4-LPS	60.0047	46696560.0	2198814775.0	93.6334	0.0	0.38933	0.7895	4.1869	0.713422	5914796225.0		0.435869	68.2585	8113611000.0		131653.0	0.0	50.0379	49.9621		82225029.0	7383620.0	247648172.0	7394821.0	0.703471	1.3902	0.0	0.0	3549158448.0	1989068016.0	33.6287
YC-5-Basal	62.1697	45423872.0	2175830112.0	94.6729	0.0	0.381568	0.6685	3.6141	0.776923	6794778588.0		0.433952	71.7099	8970608700.0		131882.0	0.0	50.0604	49.9396		70967479.0	8515287.0	245572991.0	8535899.0	0.664643	1.0444	0.0	0.0	4224291950.0	2208522296.0	32.5032
YC-5-IFNb	61.6338	35926582.0	2379676217.0	94.1483	0.0	0.386697	0.5337	4.2856	0.758859	6732115783.0		0.415863	69.5601	9111792000.0		118263.0	0.0	50.0653	49.9347		69503615.0	8309667.0	288512532.0	8331404.0	0.638298	1.0324	0.0	0.0	4149260863.0	2188912191.0	32.5145
YC-5-LPS	61.9713	39777266.0	2313358561.0	95.1986	0.0	0.380133	0.513	3.3238	0.767771	7753358939.0		0.4336	73.3217	10066717500.0		152586.0	0.0	50.0364	49.9636		74780325.0	9712014.0	257709054.0	9726184.0	0.689634	0.9645	0.0	0.0	4804857558.0	2576234736.0	33.2273
YC-6-Basal	61.0533	37054146.0	2114662598.0	93.2449	0.0	0.380996	0.541	5.2329	0.7958	6849701302.0		0.443217	71.2488	8964363900.0		127213.0	0.0	50.1054	49.8946		67212763.0	8525997.0	358435152.0	8562008.0	0.679944	0.9813	0.0	0.0	4181965580.0	2205033661.0	32.1917
YC-6-IFNb	61.5451	39172971.0	3087994498.0	94.9546	0.0	0.384123	0.4297	3.8721	0.76155	9116245802.0		0.404266	70.9286	12204240300.0		147360.0	0.0	49.9579	50.0421		67788344.0	11357421.0	352988883.0	11338319.0	0.637516	0.7436	0.0	0.0	5610604246.0	3045691358.0	33.4095
YC-6-LPS	61.9074	32882675.0	2655303723.0	94.2052	0.0	0.383552	0.3958	4.5748	0.73772	8307557277.0		0.426844	71.3879	10962861000.0		149168.0	0.0	50.0307	49.9693		68467903.0	10368317.0	380054166.0	10381050.0	0.677327	0.8242	0.0	0.0	5142991926.0	2683160607.0	32.2978
YC-7-Basal	57.1566	104956456.0	3160100433.0	87.9089	0.0	0.384742	1.4884	8.0784	0.713846	7051580367.0		0.483146	60.7047	10211680800.0		167748.0	0.0	50.0361	49.9639		178000060.0	8150554.0	569656894.0	8162327.0	0.712501	2.5243	0.0	0.0	4030444897.0	2168522060.0	30.7523
YC-7-IFNb	56.7671	117287238.0	3330900236.0	87.979	0.0	0.384363	1.6424	7.8452	0.735194	7141243564.0		0.451852	59.9953	10472143800.0		155068.0	0.0	50.0372	49.9628		180916500.0	8289172.0	560243261.0	8301508.0	0.634166	2.5334	0.0	0.0	4053875673.0	2228920892.0	31.2119
YC-7-LPS	57.5849	81482462.0	3041950893.0	88.8509	0.0	0.378097	1.2846	7.8808	0.695779	6343225407.0		0.48363	60.0523	9385176300.0		153681.0	0.0	49.9996	50.0004		125836336.0	7404342.0	499895548.0	7404212.0	0.733779	1.9838	0.0	0.0	3652739162.0	1983271899.0	31.266
YC-8-Basal	59.8493	148551495.0	3880806395.0	91.7394	0.0	0.380503	1.5271	5.0499	0.735568	9727497205.0		0.457228	65.5772	13608303600.0		225135.0	0.0	50.0643	49.9357		163769065.0	11758821.0	491228425.0	11789100.0	0.696945	1.6836	0.0	0.0	5821838942.0	3102109278.0	31.8901
YC-8-IFNb	56.8779	173091797.0	4125573660.0	88.7788	0.0	0.385827	1.72	7.2131	0.703458	10063589940.0		0.434103	62.9659	14189163600.0		229031.0	0.0	50.0754	49.9246		230263346.0	11758411.0	725900698.0	11793940.0	0.685775	2.2881	0.0	0.0	5723955704.0	3210378395.0	31.9009
YC-8-LPS	60.405	107205946.0	4014060946.0	92.0626	0.0	0.375806	1.2017	4.9371	0.725983	8921316254.0		0.475175	63.4941	12935377200.0		214089.0	0.0	50.0301	49.9699		160460137.0	10868501.0	440453071.0	10881607.0	0.738931	1.7986	0.0	0.0	5388922851.0	2824274249.0	31.6576
YC-9-Basal	47.9561	186714997.0	4620291932.0	80.35	0.0	0.452324	2.6464	11.568	0.632595	7055493568.0		0.421151	48.5542	11675785500.0		213299.0	0.0	49.9567	50.0433		383514137.0	7290103.0	816176270.0	7277486.0	0.603602	5.4357	0.0	0.0	3383536193.0	2285551971.0	32.3939
YC-9-IFNb	46.541	185952777.0	3660042409.0	78.6491	0.0	0.471425	3.0289	11.5741	0.662748	6139227491.0		0.391482	49.2736	9799269900.0		168164.0	0.0	50.0298	49.9702		414263650.0	6241636.0	710560913.0	6249069.0	0.555515	6.7478	0.0	0.0	2857257424.0	1971192727.0	32.1082
YC-9-LPS	46.4405	165798082.0	4397618348.0	79.6647	0.0	0.484531	2.475	11.4202	0.660094	6698784652.0		0.414079	48.0927	11096403000.0		219239.0	0.0	49.9414	50.0586		431409551.0	6793469.0	765012564.0	6777565.0	0.539807	6.4401	0.0	0.0	3110946584.0	2225617871.0	33.2242
