Sample	CATEGORY	TOTAL_READS	PF_READS	PCT_PF_READS	PF_NOISE_READS	PF_READS_ALIGNED	PCT_PF_READS_ALIGNED	PF_ALIGNED_BASES	PF_HQ_ALIGNED_READS	PF_HQ_ALIGNED_BASES	PF_HQ_ALIGNED_Q20_BASES	PF_HQ_MEDIAN_MISMATCHES	PF_MISMATCH_RATE	PF_HQ_ERROR_RATE	PF_INDEL_RATE	MEAN_READ_LENGTH	READS_ALIGNED_IN_PAIRS	PCT_READS_ALIGNED_IN_PAIRS	PF_READS_IMPROPER_PAIRS	PCT_PF_READS_IMPROPER_PAIRS	BAD_CYCLES	STRAND_BALANCE	PCT_CHIMERAS	PCT_ADAPTER	SAMPLE	LIBRARY	READ_GROUP
BIMD00152-01-B	PAIR	110249102.0	110249102.0	1.0	0.0	104106935.0	0.944288	11215408613.0	44331857.0	4729390865.0	4621606634.0	0.0	0.003537	0.003575	0.00018	107.908977	103716186.0	0.996247	390749.0	0.003753	0.0	0.499994	0.001381	2e-06			
BIMD00152-01-IFNg	PAIR	70433246.0	70433246.0	1.0	0.0	67394441.0	0.956856	7331643348.0	22045095.0	2355631931.0	2308065432.0	0.0	0.003293	0.003408	0.000163	108.954839	67201120.0	0.997131	193321.0	0.002869	0.0	0.499985	0.001025	1e-06			
BIMD00152-01-LPS	PAIR	113103578.0	113103578.0	1.0	0.0	107447505.0	0.949992	11673382650.0	47762697.0	5135003218.0	5037160588.0	0.0	0.003129	0.003158	0.000184	108.715236	107070376.0	0.99649	377129.0	0.00351	0.0	0.499965	0.001233	2e-06			
BIMD0043-02-B	PAIR	64621264.0	64621264.0	1.0	0.0	62581910.0	0.968441	7186346294.0	40819560.0	4697569462.0	4594433670.0	0.0	0.003028	0.002949	0.000181	114.923197	62400664.0	0.997104	181246.0	0.002896	0.0	0.499933	0.001126	0.0			
BIMD0043-02-IFNg	PAIR	66409980.0	66409980.0	1.0	0.0	64716370.0	0.974498	7718260515.0	60284260.0	7214768157.0	7072408126.0	0.0	0.002874	0.002846	0.000217	119.311443	64537688.0	0.997239	178682.0	0.002761	0.0	0.499951	0.000942	0.0			
BIMD0043-02-LPS	PAIR	119289212.0	119289212.0	1.0	0.0	116069114.0	0.973006	14266034582.0	106121925.0	13098108877.0	12837343239.0	0.0	0.003	0.002987	0.000235	122.859087	115690706.0	0.99674	378408.0	0.00326	0.0	0.499934	0.001016	1e-06			
BIMD0050-02-B	PAIR	77290738.0	77290738.0	1.0	0.0	74983547.0	0.970149	8435520858.0	47784156.0	5391497342.0	5281627524.0	0.0	0.002975	0.002884	0.000174	112.611758	74790920.0	0.997431	192627.0	0.002569	0.0	0.499919	0.001184	0.0			
BIMD0050-02-IFNg	PAIR	63551856.0	63551856.0	1.0	0.0	61734291.0	0.9714	7461733737.0	56619901.0	6873210268.0	6728461888.0	0.0	0.003046	0.003013	0.00021	120.807105	61523096.0	0.996579	211195.0	0.003421	0.0	0.499939	0.00117	0.0			
BIMD0050-02-LPS	PAIR	127844594.0	127844594.0	1.0	0.0	123994127.0	0.969882	13877391167.0	84833821.0	9522852239.0	9317048035.0	0.0	0.003038	0.002978	0.000185	112.050467	123664676.0	0.997343	329451.0	0.002657	0.0	0.499982	0.001026	0.0			
BIMD0052-02-B	PAIR	55803536.0	55803536.0	1.0	0.0	54201266.0	0.971287	6064858421.0	30586722.0	3427720683.0	3361021675.0	0.0	0.002863	0.002797	0.000171	112.105552	54078634.0	0.997737	122632.0	0.002263	0.0	0.499958	0.000926	0.0			
BIMD0052-02-IFNg	PAIR	58657424.0	58657424.0	1.0	0.0	57242519.0	0.975879	6904110389.0	53207936.0	6439449231.0	6311041881.0	0.0	0.00297	0.002941	0.000197	120.746566	57109696.0	0.99768	132823.0	0.00232	0.0	0.499952	0.000906	0.0			
BIMD0052-02-LPS	PAIR	75533424.0	75533424.0	1.0	0.0	73797077.0	0.977012	9072294146.0	69318545.0	8550456619.0	8368581147.0	0.0	0.003023	0.002996	0.000204	123.020609	73601818.0	0.997354	195259.0	0.002646	0.0	0.499955	0.000877	0.0			
BIMD0064-02-B	PAIR	65415640.0	65415640.0	1.0	0.0	63975519.0	0.977985	7688656368.0	58894677.0	7100231558.0	6960102055.0	0.0	0.002782	0.002747	0.000212	120.275959	63816152.0	0.997509	159367.0	0.002491	0.0	0.499931	0.000967	0.0			
BIMD0064-02-IFNg	PAIR	71064222.0	71064222.0	1.0	0.0	69130530.0	0.97279	7798043042.0	64302932.0	7281943565.0	7135153626.0	0.0	0.002883	0.00286	0.000211	112.8672	68959480.0	0.997526	171050.0	0.002474	0.0	0.49994	0.000988	0.0			
BIMD0064-02-LPS	PAIR	57095270.0	57095270.0	1.0	0.0	55772805.0	0.976838	6427168884.0	52065625.0	6022241159.0	5904859409.0	0.0	0.002796	0.002772	0.000213	115.399901	55651580.0	0.997826	121225.0	0.002174	0.0	0.499943	0.000878	0.0			
BIMD0067-03-B	PAIR	69426434.0	69426434.0	1.0	0.0	66236306.0	0.95405	7175252305.0	30492908.0	3285285840.0	3212346478.0	0.0	0.003329	0.003319	0.000178	108.193963	65983804.0	0.996188	252502.0	0.003812	0.0	0.499911	0.001319	0.0			
BIMD0067-03-IFNg	PAIR	66310470.0	66310470.0	1.0	0.0	63291682.0	0.954475	6971112056.0	32305237.0	3537768401.0	3462469514.0	0.0	0.003325	0.003349	0.000179	110.156278	63062682.0	0.996382	229000.0	0.003618	0.0	0.499958	0.00128	0.0			
BIMD0067-03-LPS	PAIR	71321720.0	71321720.0	1.0	0.0	68997959.0	0.967419	8010690389.0	44113702.0	5138521701.0	5027471497.0	0.0	0.00314	0.00307	0.00019	116.211419	68775682.0	0.996778	222277.0	0.003222	0.0	0.499971	0.001016	0.0			
BIMD0068-02-B	PAIR	72206152.0	72206152.0	1.0	0.0	69374455.0	0.960783	7479067398.0	35609191.0	3826138035.0	3751169254.0	0.0	0.003025	0.00296	0.000177	107.948942	69181316.0	0.997216	193139.0	0.002784	0.0	0.499942	0.001176	0.0			
BIMD0068-02-IFNg	PAIR	67620020.0	67620020.0	1.0	0.0	64087175.0	0.947754	6691552248.0	24736587.0	2549477410.0	2495887393.0	0.0	0.003333	0.003513	0.000169	104.587042	63907134.0	0.997191	180041.0	0.002809	0.0	0.499971	0.001262	0.0			
BIMD0068-02-LPS	PAIR	70290472.0	70290472.0	1.0	0.0	67342462.0	0.95806	7207122020.0	37401129.0	3983994514.0	3901992452.0	0.0	0.00315	0.003112	0.000185	107.132859	67140480.0	0.997001	201982.0	0.002999	0.0	0.499969	0.001162	0.0			
BIMD0078-03-B	PAIR	108540814.0	108540814.0	1.0	0.0	104592729.0	0.963626	11122719122.0	69823852.0	7416326634.0	7294671581.0	0.0	0.002654	0.002702	0.000187	106.45948	104351590.0	0.997694	241139.0	0.002306	0.0	0.499952	0.001129	3e-06			
BIMD0078-03-IFNg	PAIR	80216576.0	80216576.0	1.0	0.0	76804365.0	0.957463	8670762761.0	66935511.0	7589669752.0	7411880019.0	0.0	0.004076	0.004029	0.000387	112.892153	76460980.0	0.995529	343385.0	0.004471	0.0	0.499903	0.00131	0.0			
BIMD0078-03-LPS	PAIR	77745132.0	77745132.0	1.0	0.0	75829476.0	0.97536	9230773826.0	71751972.0	8763222260.0	8517879708.0	0.0	0.003715	0.003687	0.000211	121.694666	75579694.0	0.996706	249782.0	0.003294	0.0	0.499955	0.000995	0.0			
BIMD0105-01-B	PAIR	66453162.0	66453162.0	1.0	0.0	63070404.0	0.949096	6354608106.0	60781010.0	6152286030.0	6033878557.0	0.0	0.002447	0.002426	0.000201	100.339528	62869762.0	0.996819	200642.0	0.003181	0.0	0.499913	0.0015	0.0			
BIMD0105-01-IFNg	PAIR	64731546.0	64731546.0	1.0	0.0	63228569.0	0.976781	7637722548.0	58121564.0	7046570444.0	6893761160.0	0.0	0.00305	0.003021	0.000203	120.920634	63078090.0	0.99762	150479.0	0.00238	0.0	0.49994	0.000904	0.0			
BIMD0105-01-LPS	PAIR	60502920.0	60502920.0	1.0	0.0	58812362.0	0.972058	6743747141.0	40130920.0	4615658623.0	4520462921.0	0.0	0.002947	0.002868	0.000182	114.892958	58671726.0	0.997609	140636.0	0.002391	0.0	0.499976	0.000926	0.0			
BIMD0108-01-B	PAIR	53576078.0	53576078.0	1.0	0.0	51948282.0	0.969617	5839400999.0	28427978.0	3202940280.0	3138265150.0	0.0	0.002911	0.00282	0.000187	112.46972	51808556.0	0.99731	139726.0	0.00269	0.0	0.499904	0.001145	0.0			
BIMD0108-01-IFNg	PAIR	72603810.0	72603810.0	1.0	0.0	70249658.0	0.967575	8244154533.0	46874603.0	5519727913.0	5404939338.0	0.0	0.003063	0.002971	0.000193	117.454455	70034662.0	0.99694	214996.0	0.00306	0.0	0.49989	0.001265	0.0			
BIMD0108-01-LPS	PAIR	66307588.0	66307588.0	1.0	0.0	64746354.0	0.976455	7923751198.0	60881389.0	7477936821.0	7324707144.0	0.0	0.002925	0.002892	0.000202	122.411917	64557318.0	0.99708	189036.0	0.00292	0.0	0.499958	0.001045	0.0			
BIMD0109-01-B	PAIR	50429358.0	50429358.0	1.0	0.0	49017233.0	0.971998	5434420847.0	29873197.0	3320918565.0	3254252068.0	0.0	0.002893	0.002802	0.000171	111.069887	48909922.0	0.997811	107311.0	0.002189	0.0	0.499968	0.000965	0.0			
BIMD0109-01-IFNg	PAIR	72843144.0	72843144.0	1.0	0.0	71087746.0	0.975902	8260230794.0	65633577.0	7654714859.0	7500198011.0	0.0	0.00298	0.002954	0.000201	116.385143	70943654.0	0.997973	144092.0	0.002027	0.0	0.499958	0.000874	0.0			
BIMD0109-01-LPS	PAIR	53905932.0	53905932.0	1.0	0.0	52743940.0	0.978444	6166519499.0	48812300.0	5730236548.0	5615368089.0	0.0	0.00285	0.002825	0.000208	117.113625	52638122.0	0.997994	105818.0	0.002006	0.0	0.499941	0.000852	0.0			
BIMD0115-01-B	PAIR	75461044.0	75461044.0	1.0	0.0	73592172.0	0.975234	8893483836.0	69027483.0	8370018293.0	8189542673.0	0.0	0.002997	0.002965	0.000205	120.981483	73396646.0	0.997343	195526.0	0.002657	0.0	0.499951	0.000999	0.0			
BIMD0115-01-IFNg	PAIR	60292566.0	60292566.0	1.0	0.0	58358874.0	0.967928	6545394998.0	37371275.0	4189508943.0	4105889310.0	0.0	0.002939	0.002849	0.000168	112.300738	58205166.0	0.997366	153708.0	0.002634	0.0	0.499899	0.001153	0.0			
BIMD0115-01-LPS	PAIR	68714612.0	68714612.0	1.0	0.0	66885421.0	0.97338	7418926512.0	44780194.0	4968523652.0	4863356588.0	0.0	0.002997	0.002918	0.000176	111.179975	66749692.0	0.997971	135729.0	0.002029	0.0	0.499967	0.000929	0.0			
BIMD0122-01-B	PAIR	61180754.0	61180754.0	1.0	0.0	59470472.0	0.972045	6750928245.0	33645730.0	3825885139.0	3749950282.0	0.0	0.002975	0.002832	0.000172	113.699913	59330244.0	0.997642	140228.0	0.002358	0.0	0.49992	0.000969	0.0			
BIMD0122-01-IFNg	PAIR	59301934.0	59301934.0	1.0	0.0	57840573.0	0.975357	6780259701.0	53919159.0	6342087037.0	6217550910.0	0.0	0.002915	0.002882	0.000208	117.363009	57704892.0	0.997654	135681.0	0.002346	0.0	0.499931	0.000875	0.0			
BIMD0122-01-LPS	PAIR	53658770.0	53658770.0	1.0	0.0	52495241.0	0.978316	6222453789.0	48216139.0	5737344820.0	5621410079.0	0.0	0.002874	0.002838	0.000212	118.726478	52379534.0	0.997796	115707.0	0.002204	0.0	0.499936	0.000866	0.0			
BIMD0125-01-B	PAIR	55685762.0	55685762.0	1.0	0.0	53174730.0	0.954907	5834984966.0	27794373.0	3029874247.0	2967349577.0	0.0	0.00319	0.003109	0.00019	109.675482	52973396.0	0.996214	201334.0	0.003786	0.0	0.499931	0.001317	0.0			
BIMD0125-01-IFNg	PAIR	61501078.0	61501078.0	1.0	0.0	58399142.0	0.949563	6197174073.0	27521009.0	2900033358.0	2841349266.0	0.0	0.003285	0.003278	0.000179	106.110742	58196328.0	0.996527	202814.0	0.003473	0.0	0.499947	0.001371	0.0			
BIMD0125-01-LPS	PAIR	69292468.0	69292468.0	1.0	0.0	66395203.0	0.958188	7260667140.0	29602778.0	3206187680.0	3141079343.0	0.0	0.003192	0.003106	0.000181	109.416917	66177314.0	0.996718	217889.0	0.003282	0.0	0.499936	0.00107	0.0			
BIMD0128-01-B	PAIR	55786830.0	55786830.0	1.0	0.0	53852501.0	0.965326	5832275664.0	25556614.0	2757091421.0	2701623043.0	0.0	0.00307	0.002977	0.000173	108.483606	53712840.0	0.997407	139661.0	0.002593	0.0	0.499946	0.001044	0.0			
BIMD0128-01-IFNg	PAIR	50247914.0	50247914.0	1.0	0.0	47676304.0	0.948822	5046763378.0	22220499.0	2331037879.0	2283740469.0	0.0	0.003237	0.00336	0.000175	105.85964	47514172.0	0.996599	162132.0	0.003401	0.0	0.499952	0.001432	0.0			
BIMD0128-01-LPS	PAIR	67630482.0	67630482.0	1.0	0.0	65064624.0	0.962061	7170118720.0	34649224.0	3806354800.0	3716232952.0	0.0	0.003321	0.003286	0.000185	110.26561	64859822.0	0.996852	204802.0	0.003148	0.0	0.499936	0.001125	0.0			
BIMD0131-01-B	PAIR	58346334.0	58346334.0	1.0	0.0	56678988.0	0.971423	6403423278.0	39590212.0	4485942242.0	4396729285.0	0.0	0.002908	0.002767	0.000178	113.1305	56540262.0	0.997552	138726.0	0.002448	0.0	0.499953	0.001027	0.0			
BIMD0131-01-IFNg	PAIR	51253798.0	51253798.0	1.0	0.0	49831748.0	0.972255	6036328499.0	46646991.0	5671091130.0	5553515886.0	0.0	0.002997	0.002965	0.000212	121.09412	49664888.0	0.996652	166860.0	0.003348	0.0	0.49991	0.001041	0.0			
BIMD0131-01-LPS	PAIR	54751234.0	54751234.0	1.0	0.0	52934872.0	0.966825	6039273088.0	35702124.0	4084493324.0	4000845870.0	0.0	0.00297	0.002857	0.000184	114.143916	52772452.0	0.996932	162420.0	0.003068	0.0	0.499965	0.001033	0.0			
BIMD0133-01-B	PAIR	106296906.0	106296906.0	1.0	0.0	99533743.0	0.936375	10391524255.0	44548309.0	4577935526.0	4493073628.0	0.0	0.003217	0.003393	0.000205	104.855111	99184284.0	0.996489	349459.0	0.003511	0.0	0.499985	0.001274	3e-06			
BIMD0133-01-IFNg	PAIR	62454366.0	62454366.0	1.0	0.0	59415801.0	0.951347	6170263932.0	22687078.0	2315952599.0	2267750180.0	0.0	0.003374	0.003601	0.000179	104.075279	59252792.0	0.997256	163009.0	0.002744	0.0	0.499952	0.001143	0.0			
BIMD0133-01-LPS	PAIR	68859172.0	68859172.0	1.0	0.0	66528096.0	0.966147	7403245081.0	33007336.0	3660409082.0	3585244770.0	0.0	0.003102	0.003042	0.000188	111.487418	66350526.0	0.997331	177570.0	0.002669	0.0	0.49996	0.000885	0.0			
BIMD0137-01-B	PAIR	58909998.0	58909998.0	1.0	0.0	56985264.0	0.967328	6553775549.0	35478349.0	4089741620.0	4004624563.0	0.0	0.002959	0.002833	0.000183	115.021045	56801444.0	0.996774	183820.0	0.003226	0.0	0.499929	0.001154	0.0			
BIMD0137-01-IFNg	PAIR	69062886.0	69062886.0	1.0	0.0	67142862.0	0.972199	8421495457.0	62832732.0	7911009663.0	7743544097.0	0.0	0.003071	0.003038	0.000205	125.326306	66900000.0	0.996383	242862.0	0.003617	0.0	0.499934	0.001127	0.0			
BIMD0137-01-LPS	PAIR	54854762.0	54854762.0	1.0	0.0	53478532.0	0.974911	6634574043.0	48884273.0	6089509641.0	5955614049.0	0.0	0.00305	0.003017	0.000227	124.019657	53287804.0	0.996434	190728.0	0.003566	0.0	0.499887	0.001101	0.0			
BIMD0138-01-B	PAIR	57919718.0	57919718.0	1.0	0.0	56549981.0	0.976351	6905775144.0	52088897.0	6384265030.0	6242020948.0	0.0	0.002977	0.002947	0.000211	122.172972	56393680.0	0.997236	156301.0	0.002764	0.0	0.499911	0.000976	0.0			
BIMD0138-01-IFNg	PAIR	52772070.0	52772070.0	1.0	0.0	51220370.0	0.970596	5883935237.0	47723972.0	5500617390.0	5384473071.0	0.0	0.003073	0.003046	0.000224	114.981808	51088420.0	0.997424	131950.0	0.002576	0.0	0.499946	0.000973	0.0			
BIMD0138-01-LPS	PAIR	53237948.0	53237948.0	1.0	0.0	52029235.0	0.977296	6473767385.0	48968197.0	6114006658.0	5986462305.0	0.0	0.002973	0.002944	0.000221	124.438039	51870662.0	0.996952	158573.0	0.003048	0.0	0.499926	0.000996	0.0			
BIMD0139-01-B	PAIR	47865648.0	47865648.0	1.0	0.0	46374342.0	0.968844	5286066095.0	26584639.0	3028312063.0	2968732239.0	0.0	0.002857	0.002737	0.000176	114.058014	46239876.0	0.9971	134466.0	0.0029	0.0	0.499899	0.001136	0.0			
BIMD0139-01-IFNg	PAIR	63926634.0	63926634.0	1.0	0.0	62037303.0	0.970445	7588217761.0	58063167.0	7128171476.0	6937306076.0	0.0	0.003586	0.003575	0.000229	122.066178	61762546.0	0.995571	274757.0	0.004429	0.0	0.499904	0.00116	0.0			
BIMD0139-01-LPS	PAIR	66084784.0	66084784.0	1.0	0.0	64634710.0	0.978057	7723335798.0	60509344.0	7255547427.0	7104804015.0	0.0	0.002953	0.002929	0.000218	119.620385	64483772.0	0.997665	150938.0	0.002335	0.0	0.499928	0.000884	0.0			
BIMD0141-01-B	PAIR	55289658.0	55289658.0	1.0	0.0	53497424.0	0.967585	6299394408.0	30926188.0	3644593400.0	3561842086.0	0.0	0.003075	0.003047	0.000186	117.711755	53311564.0	0.996526	185860.0	0.003474	0.0	0.499959	0.001085	0.0			
BIMD0141-01-IFNg	PAIR	80156710.0	80156710.0	1.0	0.0	78187844.0	0.975437	9649098814.0	72819557.0	9018977193.0	8825615457.0	0.0	0.003043	0.003018	0.000215	123.409779	77943914.0	0.99688	243930.0	0.00312	0.0	0.499919	0.00095	0.0			
BIMD0141-01-LPS	PAIR	80261108.0	80261108.0	1.0	0.0	77779456.0	0.96908	9230746026.0	51021574.0	6069183445.0	5945542699.0	0.0	0.002877	0.002814	0.000187	118.624669	77495762.0	0.996353	283694.0	0.003647	0.0	0.499935	0.001104	0.0			
BIMD0143-01-B	PAIR	73453206.0	73453206.0	1.0	0.0	71168117.0	0.968891	8122360769.0	44591210.0	5089573216.0	4983019245.0	0.0	0.002941	0.002891	0.000188	114.175392	70948780.0	0.996918	219337.0	0.003082	0.0	0.499973	0.001037	0.0			
BIMD0143-01-IFNg	PAIR	76435392.0	76435392.0	1.0	0.0	74428914.0	0.973749	9312069116.0	70205972.0	8813183971.0	8626824073.0	0.0	0.003023	0.003	0.000226	124.90839	74110050.0	0.995716	318864.0	0.004284	0.0	0.49992	0.001048	0.0			
BIMD0143-01-LPS	PAIR	61929158.0	61929158.0	1.0	0.0	59967238.0	0.96832	7121171424.0	56032653.0	6684832740.0	6544747417.0	0.0	0.002914	0.002893	0.000248	118.558216	59692212.0	0.995414	275026.0	0.004586	0.0	0.499889	0.001193	0.0			
BIMD0144-01-B	PAIR	73746360.0	73746360.0	1.0	0.0	71590362.0	0.970765	8491214089.0	43850945.0	5213070173.0	5107222576.0	0.0	0.002927	0.002835	0.000178	118.635223	71359076.0	0.996769	231286.0	0.003231	0.0	0.499898	0.00106	0.0			
BIMD0144-01-IFNg	PAIR	64003228.0	64003228.0	1.0	0.0	62032260.0	0.969205	7389511647.0	42966539.0	5124439776.0	5018491434.0	0.0	0.00297	0.002923	0.00018	119.117988	61819562.0	0.996571	212698.0	0.003429	0.0	0.499927	0.001124	0.0			
BIMD0144-01-LPS	PAIR	83314810.0	83314810.0	1.0	0.0	80996589.0	0.972175	9722833773.0	57351778.0	6893620301.0	6745796975.0	0.0	0.003	0.002938	0.000186	120.099652	80733812.0	0.996756	262777.0	0.003244	0.0	0.499957	0.000994	0.0			
BIMD0145-01-B	PAIR	85363030.0	85363030.0	1.0	0.0	83228397.0	0.974993	11008708851.0	79695674.0	10586804008.0	10370179818.0	0.0	0.002872	0.002827	0.000125	132.295611	82915020.0	0.996235	313377.0	0.003765	0.0	0.500276	0.001873	0.0			
BIMD0145-01-IFNg	PAIR	77391378.0	77391378.0	1.0	0.0	75733159.0	0.978574	10042902709.0	73357620.0	9757748724.0	9559884120.0	0.0	0.003098	0.003034	0.000111	132.990714	75552268.0	0.997611	180891.0	0.002389	0.0	0.500097	0.001678	0.0			
BIMD0145-01-LPS	PAIR	72355528.0	72355528.0	1.0	0.0	69869748.0	0.965645	9213759969.0	67492010.0	8942099066.0	8749943858.0	0.0	0.003984	0.003875	0.000124	131.82935	69406824.0	0.993374	462924.0	0.006626	0.0	0.500256	0.003962	0.0			
BIMD0149-01-B	PAIR	73244344.0	73244344.0	1.0	0.0	71837069.0	0.980787	9394285000.0	68880599.0	9044627493.0	8859249730.0	0.0	0.002892	0.002853	0.000122	131.051574	71665532.0	0.997612	171537.0	0.002388	0.0	0.500169	0.001918	0.0			
BIMD0149-01-IFNg	PAIR	74431134.0	74431134.0	1.0	0.0	71539461.0	0.96115	9123903949.0	68278320.0	8770855516.0	8600865716.0	0.0	0.002959	0.002923	0.000141	127.163472	71119676.0	0.994132	419785.0	0.005868	0.0	0.500623	0.002206	0.0			
BIMD0149-01-LPS	PAIR	60709474.0	60709474.0	1.0	0.0	59676639.0	0.982987	7840730942.0	57693292.0	7606118835.0	7455755673.0	0.0	0.002768	0.002732	0.000114	131.700894	59547412.0	0.997835	129227.0	0.002165	0.0	0.500094	0.001669	0.0			
BIMD0150-01-B	PAIR	81255870.0	81255870.0	1.0	0.0	79652356.0	0.980266	10331776955.0	76303141.0	9942798542.0	9723313356.0	0.0	0.002975	0.002936	0.000114	130.00928	79476140.0	0.997788	176216.0	0.002212	0.0	0.500145	0.001611	0.0			
BIMD0150-01-IFNg	PAIR	87890756.0	87890756.0	1.0	0.0	85209751.0	0.969496	11308293217.0	82536855.0	10991493990.0	10774777893.0	0.0	0.003476	0.003399	0.000129	132.76496	84803304.0	0.99523	406447.0	0.00477	0.0	0.500285	0.002129	0.0			
BIMD0150-01-LPS	PAIR	78653194.0	78653194.0	1.0	0.0	76619415.0	0.974142	9996119494.0	74110055.0	9715037125.0	9511973507.0	0.0	0.003237	0.003181	0.000116	130.530459	76304280.0	0.995887	315135.0	0.004113	0.0	0.500221	0.002421	0.0			
BIMD0159-01-B	PAIR	72568064.0	72568064.0	1.0	0.0	70516338.0	0.971727	7763399658.0	31809716.0	3496757242.0	3417141745.0	0.0	0.003156	0.003057	0.000165	110.333543	70364498.0	0.997847	151840.0	0.002153	0.0	0.499972	0.000796	0.0			
BIMD0159-01-IFNg	PAIR	77211310.0	77211310.0	1.0	0.0	74870008.0	0.969677	8452874537.0	50433606.0	5704966930.0	5586779302.0	0.0	0.003006	0.002935	0.000176	113.125283	74679472.0	0.997455	190536.0	0.002545	0.0	0.499981	0.000943	0.0			
BIMD0159-01-LPS	PAIR	60920954.0	60920954.0	1.0	0.0	59314185.0	0.973625	6716080414.0	40060051.0	4540842136.0	4449100630.0	0.0	0.002888	0.002795	0.000177	113.469156	59180902.0	0.997753	133283.0	0.002247	0.0	0.499971	0.000875	0.0			
BIMD0161-01-B	PAIR	74698164.0	74698164.0	1.0	0.0	73034540.0	0.977729	9576819796.0	70260780.0	9251720149.0	9047783597.0	0.0	0.002991	0.002951	0.000126	131.20982	72785464.0	0.99659	249076.0	0.00341	0.0	0.500229	0.001959	0.0			
BIMD0161-01-IFNg	PAIR	70103300.0	70103300.0	1.0	0.0	68472937.0	0.976743	9014699741.0	66393249.0	8771117827.0	8599214590.0	0.0	0.003402	0.003324	0.000126	131.962539	68265548.0	0.996971	207389.0	0.003029	0.0	0.500182	0.002117	0.0			
BIMD0161-01-LPS	PAIR	75439058.0	75439058.0	1.0	0.0	73569403.0	0.975216	9520871134.0	71100115.0	9242449558.0	9064849337.0	0.0	0.003291	0.003214	0.000125	129.706315	73330782.0	0.996757	238621.0	0.003243	0.0	0.500202	0.002321	0.0			
BIMD0173-01-B	PAIR	63661316.0	63661316.0	1.0	0.0	61788528.0	0.970582	7168338384.0	34705574.0	4035303283.0	3952144267.0	0.0	0.003003	0.002884	0.000173	116.071711	61605928.0	0.997045	182600.0	0.002955	0.0	0.499942	0.001161	0.0			
BIMD0173-01-IFNg	PAIR	55044488.0	55044488.0	1.0	0.0	53347637.0	0.969173	6271015968.0	39517630.0	4662755441.0	4566964283.0	0.0	0.003015	0.002937	0.000178	117.639538	53186848.0	0.996986	160789.0	0.003014	0.0	0.499935	0.001184	0.0			
BIMD0173-01-LPS	PAIR	62200452.0	62200452.0	1.0	0.0	60431198.0	0.971556	7163649766.0	48495915.0	5774229214.0	5652296927.0	0.0	0.002895	0.002821	0.000177	118.597554	60249698.0	0.996997	181500.0	0.003003	0.0	0.49995	0.001106	0.0			
BIMD0183-01-B	PAIR	50980166.0	50980166.0	1.0	0.0	49456968.0	0.970122	5693255707.0	32807193.0	3782882529.0	3705487162.0	0.0	0.002901	0.002788	0.000165	115.27868	49324342.0	0.997318	132626.0	0.002682	0.0	0.499963	0.001025	0.0			
BIMD0183-01-IFNg	PAIR	59461150.0	59461150.0	1.0	0.0	58045003.0	0.976184	7156909827.0	54563470.0	6748965173.0	6605747692.0	0.0	0.003028	0.002995	0.000198	123.362039	57882978.0	0.997209	162025.0	0.002791	0.0	0.499961	0.000922	0.0			
BIMD0183-01-LPS	PAIR	59804018.0	59804018.0	1.0	0.0	58401821.0	0.976553	7210544045.0	55077070.0	6821661782.0	6677145059.0	0.0	0.002893	0.002864	0.000209	123.503965	58220710.0	0.996899	181111.0	0.003101	0.0	0.499938	0.001031	0.0			
NYUMD0028-01-B	PAIR	74418432.0	74418432.0	1.0	0.0	71444237.0	0.960034	7864449927.0	30904356.0	3378457363.0	3308017297.0	0.0	0.003111	0.003178	0.000172	110.119147	71216324.0	0.99681	227913.0	0.00319	0.0	0.499926	0.001149	0.0			
NYUMD0028-01-IFNg	PAIR	63120020.0	63120020.0	1.0	0.0	60262000.0	0.954721	6242194396.0	18675224.0	1906201794.0	1867134961.0	0.0	0.003268	0.003622	0.000162	103.856876	60115370.0	0.997567	146630.0	0.002433	0.0	0.499945	0.001133	0.0			
NYUMD0028-01-LPS	PAIR	57168620.0	57168620.0	1.0	0.0	55483146.0	0.970517	6640895524.0	46353025.0	5576674431.0	5460304808.0	0.0	0.003112	0.003074	0.000213	119.822091	55316246.0	0.996992	166900.0	0.003008	0.0	0.499916	0.000983	0.0			
NYUMD0065-01-B	PAIR	56893428.0	56893428.0	1.0	0.0	54926797.0	0.965433	6011370009.0	27038735.0	2948440942.0	2889549317.0	0.0	0.003037	0.00297	0.000174	109.575426	54779972.0	0.997327	146825.0	0.002673	0.0	0.499924	0.001101	0.0			
NYUMD0065-01-IFNg	PAIR	55615616.0	55615616.0	1.0	0.0	52990013.0	0.95279	5588088633.0	22528463.0	2353544373.0	2307281460.0	0.0	0.003198	0.003276	0.000169	105.692514	52848404.0	0.997328	141609.0	0.002672	0.0	0.499938	0.00117	1e-06			
NYUMD0065-01-LPS	PAIR	55381292.0	55381292.0	1.0	0.0	53528782.0	0.96655	5867732740.0	26567727.0	2898214233.0	2839546222.0	0.0	0.0031	0.003058	0.000175	109.870296	53393418.0	0.997471	135364.0	0.002529	0.0	0.499958	0.000949	0.0			
NYUMD0117-01-B	PAIR	65293390.0	65293390.0	1.0	0.0	63325021.0	0.969853	7040276828.0	36351198.0	4046393299.0	3960162195.0	0.0	0.00297	0.002917	0.000175	111.306546	63166666.0	0.997499	158355.0	0.002501	0.0	0.499966	0.000921	0.0			
NYUMD0117-01-IFNg	PAIR	81795064.0	81795064.0	1.0	0.0	79672857.0	0.974055	9763230237.0	73266735.0	9015898823.0	8820265910.0	0.0	0.003086	0.003052	0.000202	122.55956	79435562.0	0.997022	237295.0	0.002978	0.0	0.499922	0.000906	0.0			
NYUMD0117-01-LPS	PAIR	48848412.0	48848412.0	1.0	0.0	47294035.0	0.96818	5334543778.0	28224281.0	3189504889.0	3124798778.0	0.0	0.002921	0.002878	0.000177	112.953086	47167872.0	0.997332	126163.0	0.002668	0.0	0.499985	0.000908	0.0			
NYUMD0121-01-B	PAIR	69326388.0	69326388.0	1.0	0.0	67256090.0	0.970137	7458377644.0	37707484.0	4183402192.0	4101689384.0	0.0	0.002923	0.002774	0.000168	111.105378	67102072.0	0.99771	154018.0	0.00229	0.0	0.499931	0.001087	0.0			
NYUMD0121-01-IFNg	PAIR	80476014.0	80476014.0	1.0	0.0	78398954.0	0.97419	9563692631.0	72445371.0	8878114742.0	8685028521.0	0.0	0.003095	0.003059	0.000206	121.972263	78152922.0	0.996862	246032.0	0.003138	0.0	0.499901	0.001054	0.0			
NYUMD0121-01-LPS	PAIR	75272592.0	75272592.0	1.0	0.0	73517530.0	0.976684	8992617260.0	69638483.0	8547397769.0	8371448970.0	0.0	0.002978	0.002947	0.000203	122.391884	73322370.0	0.997345	195160.0	0.002655	0.0	0.499954	0.000966	0.0			
NYUMD0123-01-B	PAIR	52815468.0	52815468.0	1.0	0.0	50986722.0	0.965375	5556243147.0	25508779.0	2765157734.0	2709340162.0	0.0	0.003136	0.003132	0.00018	109.141627	50851074.0	0.99734	135648.0	0.00266	0.0	0.499944	0.000994	0.0			
NYUMD0123-01-IFNg	PAIR	57879416.0	57879416.0	1.0	0.0	54708593.0	0.945217	5639498071.0	25448245.0	2594584807.0	2542689368.0	0.0	0.003375	0.003574	0.000183	103.218028	54538034.0	0.996882	170559.0	0.003118	0.0	0.499937	0.001367	1e-06			
NYUMD0123-01-LPS	PAIR	53192600.0	53192600.0	1.0	0.0	51021161.0	0.959178	5392747744.0	22757993.0	2379102912.0	2331935942.0	0.0	0.003175	0.003213	0.000182	105.917661	50886544.0	0.997362	134617.0	0.002638	0.0	0.499988	0.000923	0.0			
NYUMD0125-01-B	PAIR	65072678.0	65072678.0	1.0	0.0	62072421.0	0.953894	6660950531.0	35133315.0	3753497731.0	3678070525.0	0.0	0.003078	0.003028	0.000188	107.19638	61846036.0	0.996353	226385.0	0.003647	0.0	0.499939	0.001448	0.0			
NYUMD0125-01-IFNg	PAIR	66357412.0	66357412.0	1.0	0.0	63192336.0	0.952303	6773300418.0	32336042.0	3429236861.0	3347568412.0	0.0	0.003492	0.003542	0.000173	107.27592	62989984.0	0.996798	202352.0	0.003202	0.0	0.500003	0.001299	0.0			
NYUMD0125-01-LPS	PAIR	57157922.0	57157922.0	1.0	0.0	55292952.0	0.967372	6209184592.0	28307412.0	3171665854.0	3106873576.0	0.0	0.003082	0.002988	0.000176	112.527198	55146598.0	0.997353	146354.0	0.002647	0.0	0.500005	0.000977	0.0			
