Sample	PF_HQ_ALIGNED_READS	READS_ALIGNED_IN_PAIRS	MEAN_READ_LENGTH	BAD_CYCLES	PF_INDEL_RATE	PCT_READS_ALIGNED_IN_PAIRS	TOTAL_READS	PCT_CHIMERAS	PF_HQ_ERROR_RATE	PF_ALIGNED_BASES	PCT_PF_READS	PF_READS_IMPROPER_PAIRS	PF_READS	PCT_ADAPTER	PCT_PF_READS_ALIGNED	READ_GROUP	LIBRARY	SAMPLE	PF_NOISE_READS	STRAND_BALANCE	PF_HQ_ALIGNED_Q20_BASES	CATEGORY	PF_HQ_MEDIAN_MISMATCHES	PF_HQ_ALIGNED_BASES	PCT_PF_READS_IMPROPER_PAIRS	PF_MISMATCH_RATE	PF_READS_ALIGNED
AD-1-Basal	46487012.0	50307804.0	150.0	0.0	0.000164	1.0	71256700.0	0.001833	0.002923	7181881070.0	1.0	0.0	71256700.0	0.0	0.706008				0.0	0.5	6518301560.0	PAIR	0.0	6647012275.0	0.0	0.003006	50307804.0
AD-1-IFNb	40332660.0	46586356.0	150.0	0.0	0.000181	1.0	72270294.0	0.001811	0.002911	6588110609.0	1.0	0.0	72270294.0	0.0	0.644613				0.0	0.5	5637995631.0	PAIR	0.0	5715655824.0	0.0	0.002969	46586356.0
AD-1-LPS	38011420.0	43638142.0	150.0	0.0	0.000187	1.0	65523028.0	0.001434	0.002599	6186884960.0	1.0	0.0	65523028.0	0.0	0.665997				0.0	0.5	5322383986.0	PAIR	0.0	5400247443.0	0.0	0.002699	43638142.0
AD-10-Basal	44724566.0	46714228.0	150.0	0.0	0.000148	1.0	67118738.0	0.001799	0.002549	6677453884.0	1.0	0.0	67118738.0	0.0	0.695994				0.0	0.5	6308673865.0	PAIR	0.0	6398981231.0	0.0	0.002621	46714228.0
AD-10-IFNb	41278190.0	44074332.0	150.0	0.0	0.000158	1.0	61835750.0	0.001823	0.002986	6316222451.0	1.0	0.0	61835750.0	0.0	0.712765				0.0	0.5	5835753047.0	PAIR	0.0	5923156768.0	0.0	0.003091	44074332.0
AD-10-LPS	41343880.0	43897794.0	150.0	0.0	0.000152	1.0	63906384.0	0.002244	0.002603	6264566687.0	1.0	0.0	63906384.0	0.0	0.686908				0.0	0.5	5823233555.0	PAIR	0.0	5908050825.0	0.0	0.002696	43897794.0
AD-11-Basal	42155800.0	44050004.0	150.0	0.0	0.000148	1.0	63460226.0	0.001887	0.00251	6297403070.0	1.0	0.0	63460226.0	1e-06	0.694136				0.0	0.5	5946194234.0	PAIR	0.0	6032486813.0	0.0	0.002576	44050004.0
AD-11-IFNb	48311720.0	50531090.0	150.0	0.0	0.000145	1.0	73954806.0	0.001924	0.002831	7221482154.0	1.0	0.0	73954806.0	0.0	0.68327				0.0	0.5	6810785366.0	PAIR	0.0	6910460736.0	0.0	0.002912	50531090.0
AD-11-LPS	46039676.0	48142692.0	150.0	0.0	0.000147	1.0	70565562.0	0.001968	0.002509	6867643025.0	1.0	0.0	70565562.0	1e-06	0.682241				0.0	0.5	6480700698.0	PAIR	0.0	6574106973.0	0.0	0.002582	48142692.0
AD-2-Basal	47757990.0	48995332.0	150.0	0.0	0.000129	1.0	63101812.0	0.002156	0.002482	7079096821.0	1.0	0.0	63101812.0	0.0	0.776449				0.0	0.5	6797979602.0	PAIR	0.0	6903566649.0	0.0	0.002527	48995332.0
AD-2-IFNb	45492910.0	46730402.0	150.0	0.0	0.00013	1.0	59879904.0	0.001798	0.00288	6760001393.0	1.0	0.0	59879904.0	0.0	0.780402				0.0	0.5	6480854090.0	PAIR	0.0	6584122955.0	0.0	0.00294	46730402.0
AD-2-LPS	50497798.0	51586930.0	150.0	0.0	0.000127	1.0	66509122.0	0.001886	0.00277	7462311098.0	1.0	0.0	66509122.0	0.0	0.775637				0.0	0.5	7169462199.0	PAIR	0.0	7307937918.0	0.0	0.002813	51586930.0
AD-3-Basal	42576768.0	44220188.0	150.0	0.0	0.000143	1.0	58066834.0	0.002281	0.002757	6372271667.0	1.0	0.0	58066834.0	0.0	0.76154				0.0	0.5	6053253047.0	PAIR	0.0	6140519682.0	0.0	0.002845	44220188.0
AD-3-IFNb	53970620.0	55287748.0	150.0	0.0	0.000124	1.0	73234236.0	0.002209	0.002984	7974326982.0	1.0	0.0	73234236.0	0.0	0.754944				0.0	0.5	7675668689.0	PAIR	0.0	7787761930.0	0.0	0.003077	55287748.0
AD-3-LPS	44242896.0	45179698.0	150.0	0.0	0.00012	1.0	57216718.0	0.002048	0.002525	6546577608.0	1.0	0.0	57216718.0	0.0	0.789624				0.0	0.5	6319321741.0	PAIR	0.0	6413570676.0	0.0	0.002575	45179698.0
AD-4-Basal	39994132.0	40916030.0	150.0	0.0	0.000127	1.0	52496544.0	0.002285	0.002443	5917226260.0	1.0	0.0	52496544.0	0.0	0.779404				0.0	0.5	5701420057.0	PAIR	0.0	5786359656.0	0.0	0.002494	40916030.0
AD-4-IFNb	48752614.0	50017762.0	150.0	0.0	0.000126	1.0	64946146.0	0.002107	0.002794	7224824215.0	1.0	0.0	64946146.0	0.0	0.770142				0.0	0.5	6943203355.0	PAIR	0.0	7045284319.0	0.0	0.002875	50017762.0
AD-4-LPS	44971034.0	45984812.0	150.0	0.0	0.000127	1.0	58898342.0	0.002046	0.002444	6654269060.0	1.0	0.0	58898342.0	0.0	0.780749				0.0	0.5	6413240906.0	PAIR	0.0	6510433654.0	0.0	0.002488	45984812.0
AD-5-Basal	51550916.0	53048148.0	150.0	0.0	0.000131	1.0	67063920.0	0.002221	0.002391	7686789113.0	1.0	0.0	67063920.0	0.0	0.791009				0.0	0.5	7361142889.0	PAIR	0.0	7473705404.0	0.0	0.002443	53048148.0
AD-5-IFNb	47870332.0	49169580.0	150.0	0.0	0.00013	1.0	61982764.0	0.001838	0.002601	7124663635.0	1.0	0.0	61982764.0	0.0	0.793278				0.0	0.5	6835762399.0	PAIR	0.0	6939542504.0	0.0	0.002661	49169580.0
AD-5-LPS	46449470.0	47662064.0	150.0	0.0	0.00013	1.0	60084670.0	0.002181	0.002379	6906624029.0	1.0	0.0	60084670.0	0.0	0.793248				0.0	0.5	6633253370.0	PAIR	0.0	6734045158.0	0.0	0.002426	47662064.0
AD-6-Basal	40855680.0	41820518.0	150.0	0.0	0.000132	1.0	58303710.0	0.00224	0.002537	6031335838.0	1.0	0.0	58303710.0	1e-06	0.717287				0.0	0.5	5804258219.0	PAIR	0.0	5894892580.0	0.0	0.00259	41820518.0
AD-6-IFNb	46578852.0	47676762.0	150.0	0.0	0.000126	1.0	61518004.0	0.001988	0.002791	6896610892.0	1.0	0.0	61518004.0	0.0	0.775005				0.0	0.5	6634647552.0	PAIR	0.0	6740442771.0	0.0	0.002856	47676762.0
AD-6-LPS	41479474.0	42367498.0	150.0	0.0	0.000127	1.0	54030228.0	0.00206	0.002554	6135916947.0	1.0	0.0	54030228.0	0.0	0.784144				0.0	0.5	5920257487.0	PAIR	0.0	6009708827.0	0.0	0.002602	42367498.0
AD-7-Basal	53582288.0	55448442.0	150.0	0.0	0.000149	1.0	78310762.0	0.002085	0.002663	7948354605.0	1.0	0.0	78310762.0	1e-06	0.708056				0.0	0.5	7575439143.0	PAIR	0.0	7686508865.0	0.0	0.002735	55448442.0
AD-7-IFNb	48443278.0	50309990.0	150.0	0.0	0.000149	1.0	70266778.0	0.002324	0.00304	7215452351.0	1.0	0.0	70266778.0	0.0	0.715985				0.0	0.5	6850442265.0	PAIR	0.0	6952773814.0	0.0	0.003137	50309990.0
AD-7-LPS	46618702.0	48307770.0	150.0	0.0	0.000153	1.0	68527784.0	0.002022	0.002667	6919758864.0	1.0	0.0	68527784.0	0.0	0.704937				0.0	0.5	6585682730.0	PAIR	0.0	6682848006.0	0.0	0.002737	48307770.0
AD-8-Basal	47456886.0	49098296.0	150.0	0.0	0.000147	1.0	68366372.0	0.001928	0.002666	7044747912.0	1.0	0.0	68366372.0	0.0	0.718164				0.0	0.5	6710409737.0	PAIR	0.0	6814071014.0	0.0	0.002727	49098296.0
AD-8-IFNb	66150906.0	69361814.0	150.0	0.0	0.000145	1.0	95996212.0	0.002139	0.003	9952798578.0	1.0	0.0	95996212.0	0.0	0.722547				0.0	0.5	9358448177.0	PAIR	0.0	9500750907.0	0.0	0.003087	69361814.0
AD-8-LPS	59726522.0	62165288.0	150.0	0.0	0.000147	1.0	86276932.0	0.00195	0.002687	8918660127.0	1.0	0.0	86276932.0	0.0	0.720532				0.0	0.5	8452046564.0	PAIR	0.0	8575669149.0	0.0	0.002756	62165288.0
AD-9-Basal	41884764.0	47968624.0	150.0	0.0	0.00018	1.0	72829876.0	0.001495	0.002623	6816976792.0	1.0	0.0	72829876.0	0.0	0.658639				0.0	0.5	5881140426.0	PAIR	0.0	5966813449.0	0.0	0.002726	47968624.0
AD-9-IFNb	38741822.0	48475756.0	150.0	0.0	0.000195	1.0	74292342.0	0.001485	0.003023	6876445129.0	1.0	0.0	74292342.0	0.0	0.6525				0.0	0.5	5433364305.0	PAIR	0.0	5513976275.0	0.0	0.003115	48475756.0
AD-9-LPS	48150524.0	51452782.0	150.0	0.0	0.000157	1.0	75869852.0	0.001573	0.002573	7341937073.0	1.0	0.0	75869852.0	0.0	0.678172				0.0	0.5	6783615294.0	PAIR	0.0	6880614896.0	0.0	0.002656	51452782.0
Control-1-Basal	35548318.0	41257974.0	150.0	0.0	0.000195	1.0	64308730.0	0.001346	0.002744	5835511289.0	1.0	0.0	64308730.0	0.0	0.641561				0.0	0.5	4956628435.0	PAIR	0.0	5039364941.0	0.0	0.002844	41257974.0
Control-1-IFNb	34363348.0	42534614.0	150.0	0.0	0.000204	1.0	65971706.0	0.001703	0.00275	6006855426.0	1.0	0.0	65971706.0	1e-06	0.64474				0.0	0.5	4793811942.0	PAIR	0.0	4864685038.0	0.0	0.002824	42534614.0
Control-1-LPS	36616324.0	42034332.0	150.0	0.0	0.000192	1.0	63260704.0	0.002496	0.002486	5956403379.0	1.0	0.0	63260704.0	0.0	0.664462				0.0	0.5	5123664862.0	PAIR	0.0	5199758658.0	0.0	0.002596	42034332.0
Control-10-Basal	43514822.0	47955574.0	150.0	0.0	0.000171	1.0	70249770.0	0.00181	0.00269	6843471614.0	1.0	0.0	70249770.0	0.0	0.682644				0.0	0.5	6130301219.0	PAIR	0.0	6221679283.0	0.0	0.002783	47955574.0
Control-10-IFNb	40023256.0	44342144.0	150.0	0.0	0.000169	1.0	62636780.0	0.002047	0.003043	6344164922.0	1.0	0.0	62636780.0	0.0	0.707925				0.0	0.5	5653490944.0	PAIR	0.0	5737189160.0	0.0	0.003139	44342144.0
Control-10-LPS	37079824.0	41736992.0	150.0	0.0	0.000179	1.0	60220562.0	0.002221	0.002812	5958238351.0	1.0	0.0	60220562.0	0.0	0.693069				0.0	0.5	5228118605.0	PAIR	0.0	5305388217.0	0.0	0.002918	41736992.0
Control-11-Basal	44576500.0	47103882.0	150.0	0.0	0.000157	1.0	66052538.0	0.001731	0.002597	6760060677.0	1.0	0.0	66052538.0	0.0	0.713128				0.0	0.5	6309810569.0	PAIR	0.0	6405481841.0	0.0	0.002673	47103882.0
Control-11-IFNb	48014728.0	51037998.0	150.0	0.0	0.000159	1.0	70002052.0	0.001766	0.002971	7339790307.0	1.0	0.0	70002052.0	0.0	0.729093				0.0	0.5	6810572122.0	PAIR	0.0	6913950477.0	0.0	0.003065	51037998.0
Control-11-LPS	44967902.0	47749018.0	150.0	0.0	0.000153	1.0	69543320.0	0.002516	0.002595	6822569035.0	1.0	0.0	69543320.0	0.0	0.686608				0.0	0.5	6339235294.0	PAIR	0.0	6434292552.0	0.0	0.002687	47749018.0
Control-2-Basal	56197256.0	57723410.0	150.0	0.0	0.000153	1.0	80235296.0	0.00217	0.002432	8275276562.0	1.0	0.0	80235296.0	0.0	0.719427				0.0	0.5	7947071583.0	PAIR	0.0	8060593766.0	0.0	0.002486	57723410.0
Control-2-IFNb	46200598.0	47337426.0	150.0	0.0	0.000134	1.0	63868798.0	0.002106	0.002887	6827157768.0	1.0	0.0	63868798.0	0.0	0.741167				0.0	0.5	6565497500.0	PAIR	0.0	6666092473.0	0.0	0.002959	47337426.0
Control-2-LPS	44689112.0	45618212.0	150.0	0.0	0.000136	1.0	60423640.0	0.001942	0.002538	6586188325.0	1.0	0.0	60423640.0	0.0	0.754973				0.0	0.5	6354692793.0	PAIR	0.0	6454667369.0	0.0	0.002582	45618212.0
Control-3-Basal	57630418.0	58890534.0	150.0	0.0	0.00013	1.0	74617402.0	0.002268	0.002548	8536389258.0	1.0	0.0	74617402.0	0.0	0.789233				0.0	0.5	8222671239.0	PAIR	0.0	8357107513.0	0.0	0.002602	58890534.0
Control-3-IFNb	47279648.0	48400722.0	150.0	0.0	0.000134	1.0	62686422.0	0.001822	0.00282	7000516145.0	1.0	0.0	62686422.0	0.0	0.772109				0.0	0.5	6743253008.0	PAIR	0.0	6841055698.0	0.0	0.002886	48400722.0
Control-3-LPS	48507522.0	49544604.0	150.0	0.0	0.000129	1.0	62566080.0	0.001857	0.002628	7183870372.0	1.0	0.0	62566080.0	0.0	0.791876				0.0	0.5	6928771411.0	PAIR	0.0	7036629364.0	0.0	0.002681	49544604.0
Control-4-Basal	58281102.0	60202532.0	150.0	0.0	0.00013	1.0	79554858.0	0.002076	0.002528	8691204865.0	1.0	0.0	79554858.0	0.0	0.756742				0.0	0.5	8294829261.0	PAIR	0.0	8419953171.0	0.0	0.002597	60202532.0
Control-4-IFNb	48596388.0	50284094.0	150.0	0.0	0.00013	1.0	68729964.0	0.002366	0.002812	7233452425.0	1.0	0.0	68729964.0	0.0	0.731618				0.0	0.5	6893196297.0	PAIR	0.0	6995152240.0	0.0	0.002904	50284094.0
Control-4-LPS	62084462.0	63803950.0	150.0	0.0	0.000126	1.0	83001836.0	0.002342	0.002573	9216832790.0	1.0	0.0	83001836.0	0.0	0.768705				0.0	0.5	8826620892.0	PAIR	0.0	8973478062.0	0.0	0.002633	63803950.0
Control-5-Basal	50523784.0	51681094.0	150.0	0.0	0.00013	1.0	66014908.0	0.002045	0.002475	7481892305.0	1.0	0.0	66014908.0	0.0	0.78287				0.0	0.5	7210273682.0	PAIR	0.0	7317634879.0	0.0	0.002531	51681094.0
Control-5-IFNb	57374304.0	58692702.0	150.0	0.0	0.000128	1.0	76904168.0	0.001663	0.002757	8473557713.0	1.0	0.0	76904168.0	0.0	0.763193				0.0	0.5	8163178571.0	PAIR	0.0	8286744083.0	0.0	0.00283	58692702.0
Control-5-LPS	51909480.0	53027136.0	150.0	0.0	0.000126	1.0	69937668.0	0.001883	0.002403	7649567387.0	1.0	0.0	69937668.0	0.0	0.758206				0.0	0.5	7385697595.0	PAIR	0.0	7491444054.0	0.0	0.002454	53027136.0
Control-6-Basal	35388778.0	36690088.0	150.0	0.0	0.000153	1.0	51524392.0	0.002031	0.002494	5255486255.0	1.0	0.0	51524392.0	0.0	0.712092				0.0	0.5	5000041411.0	PAIR	0.0	5073131192.0	0.0	0.002559	36690088.0
Control-6-IFNb	41549362.0	42729906.0	150.0	0.0	0.000131	1.0	56530734.0	0.002382	0.002903	6162184680.0	1.0	0.0	56530734.0	0.0	0.75587				0.0	0.5	5905597152.0	PAIR	0.0	5994947337.0	0.0	0.00299	42729906.0
Control-6-LPS	43551352.0	44570966.0	150.0	0.0	0.000132	1.0	56522436.0	0.002116	0.002517	6457736944.0	1.0	0.0	56522436.0	0.0	0.788554				0.0	0.5	6213960955.0	PAIR	0.0	6312818909.0	0.0	0.002564	44570966.0
Control-7-Basal	60647690.0	62421406.0	150.0	0.0	0.000138	1.0	80533648.0	0.00207	0.002634	9034862353.0	1.0	0.0	80533648.0	0.0	0.775097				0.0	0.5	8643378935.0	PAIR	0.0	8783594092.0	0.0	0.002696	62421406.0
Control-7-IFNb	54834350.0	56874198.0	150.0	0.0	0.000146	1.0	72710864.0	0.002149	0.003124	8236933817.0	1.0	0.0	72710864.0	0.0	0.782197				0.0	0.5	7820406933.0	PAIR	0.0	7947328771.0	0.0	0.003213	56874198.0
Control-7-LPS	52078528.0	53813668.0	150.0	0.0	0.000142	1.0	69325244.0	0.001926	0.002823	7792449983.0	1.0	0.0	69325244.0	0.0	0.776249				0.0	0.5	7426629353.0	PAIR	0.0	7546512657.0	0.0	0.002894	53813668.0
Control-8-Basal	48175506.0	49693564.0	150.0	0.0	0.000142	1.0	68038648.0	0.001988	0.002774	7143338558.0	1.0	0.0	68038648.0	0.0	0.730373				0.0	0.5	6810724704.0	PAIR	0.0	6929535994.0	0.0	0.002834	49693564.0
Control-8-IFNb	49930722.0	51849048.0	150.0	0.0	0.00015	1.0	70075302.0	0.002059	0.002926	7456774911.0	1.0	0.0	70075302.0	0.0	0.739905				0.0	0.5	7078793927.0	PAIR	0.0	7185748811.0	0.0	0.003005	51849048.0
Control-8-LPS	53064552.0	54658702.0	150.0	0.0	0.000142	1.0	73512244.0	0.001887	0.002521	7872314797.0	1.0	0.0	73512244.0	0.0	0.743532				0.0	0.5	7533333005.0	PAIR	0.0	7647245188.0	0.0	0.002572	54658702.0
Control-9-Basal	45751172.0	52678434.0	150.0	0.0	0.000172	1.0	79915934.0	0.001607	0.00278	7485917299.0	1.0	0.0	79915934.0	0.0	0.659173				0.0	0.5	6418675290.0	PAIR	0.0	6517746779.0	0.0	0.002886	52678434.0
Control-9-IFNb	42921816.0	48057988.0	150.0	0.0	0.00016	1.0	72819970.0	0.001775	0.002955	6832802577.0	1.0	0.0	72819970.0	0.0	0.659956				0.0	0.5	6031156515.0	PAIR	0.0	6114861461.0	0.0	0.003049	48057988.0
Control-9-LPS	48705588.0	53839796.0	150.0	0.0	0.000168	1.0	82004236.0	0.00164	0.002609	7667625116.0	1.0	0.0	82004236.0	0.0	0.656549				0.0	0.5	6845334586.0	PAIR	0.0	6950474381.0	0.0	0.002702	53839796.0
MCI-1-Basal	30935036.0	35765148.0	150.0	0.0	0.000187	1.0	53513966.0	0.001348	0.00261	5069217306.0	1.0	0.0	53513966.0	0.0	0.668333				0.0	0.5	4330802732.0	PAIR	0.0	4393928553.0	0.0	0.002683	35765148.0
MCI-1-IFNb	32075680.0	37239670.0	150.0	0.0	0.00019	1.0	58743840.0	0.001809	0.002947	5258882048.0	1.0	0.0	58743840.0	0.0	0.633933				0.0	0.5	4476113939.0	PAIR	0.0	4539248185.0	0.0	0.002997	37239670.0
MCI-1-LPS	40115864.0	42471414.0	150.0	0.0	0.000162	1.0	62264320.0	0.001699	0.00243	6039985197.0	1.0	0.0	62264320.0	0.0	0.682115				0.0	0.5	5632434015.0	PAIR	0.0	5712107577.0	0.0	0.002499	42471414.0
MCI-10-Basal	48815662.0	50813344.0	150.0	0.0	0.000146	1.0	69164366.0	0.002233	0.002639	7302193235.0	1.0	0.0	69164366.0	0.0	0.734675				0.0	0.5	6916678780.0	PAIR	0.0	7020796779.0	0.0	0.002722	50813344.0
MCI-10-IFNb	40129068.0	41617116.0	150.0	0.0	0.000147	1.0	57013996.0	0.002414	0.002994	5977391918.0	1.0	0.0	57013996.0	1e-06	0.729946				0.0	0.5	5685653990.0	PAIR	0.0	5768003251.0	0.0	0.003094	41617116.0
MCI-10-LPS	36651520.0	38341656.0	150.0	0.0	0.000143	1.0	54138084.0	0.002033	0.002616	5484378913.0	1.0	0.0	54138084.0	0.0	0.70822				0.0	0.5	5173260792.0	PAIR	0.0	5248421224.0	0.0	0.002703	38341656.0
MCI-11-Basal	53445262.0	55641842.0	150.0	0.0	0.000146	1.0	77478048.0	0.001927	0.00256	7986786179.0	1.0	0.0	77478048.0	1e-06	0.718163				0.0	0.5	7563831422.0	PAIR	0.0	7678316764.0	0.0	0.002625	55641842.0
MCI-11-IFNb	45399120.0	47455162.0	150.0	0.0	0.000149	1.0	66766386.0	0.002206	0.003043	6801813512.0	1.0	0.0	66766386.0	0.0	0.710764				0.0	0.5	6418643206.0	PAIR	0.0	6512724955.0	0.0	0.003133	47455162.0
MCI-11-LPS	47715464.0	50046308.0	150.0	0.0	0.000145	1.0	66766026.0	0.002207	0.002655	7204820901.0	1.0	0.0	66766026.0	0.0	0.749577				0.0	0.5	6772033155.0	PAIR	0.0	6876370856.0	0.0	0.002734	50046308.0
MCI-2-Basal	48241930.0	49371968.0	150.0	0.0	0.000131	1.0	64486282.0	0.00229	0.002533	7137734311.0	1.0	0.0	64486282.0	1e-06	0.76562				0.0	0.5	6870216821.0	PAIR	0.0	6977270520.0	0.0	0.00258	49371968.0
MCI-2-IFNb	45335480.0	46498030.0	150.0	0.0	0.000126	1.0	60398822.0	0.002271	0.002909	6711717145.0	1.0	0.0	60398822.0	0.0	0.76985				0.0	0.5	6449904204.0	PAIR	0.0	6546759093.0	0.0	0.002981	46498030.0
MCI-2-LPS	41932690.0	42809710.0	150.0	0.0	0.000131	1.0	56121090.0	0.002111	0.002572	6184474740.0	1.0	0.0	56121090.0	0.0	0.76281				0.0	0.5	5966506320.0	PAIR	0.0	6060136683.0	0.0	0.002617	42809710.0
MCI-3-Basal	42622676.0	43558164.0	150.0	0.0	0.000131	1.0	57502136.0	0.002063	0.002449	6293148068.0	1.0	0.0	57502136.0	0.0	0.757505				0.0	0.5	6072953231.0	PAIR	0.0	6160681739.0	0.0	0.002493	43558164.0
MCI-3-IFNb	43258850.0	44275260.0	150.0	0.0	0.000125	1.0	55825812.0	0.001938	0.002709	6414866549.0	1.0	0.0	55825812.0	0.0	0.793097				0.0	0.5	6178632039.0	PAIR	0.0	6269976626.0	0.0	0.002763	44275260.0
MCI-3-LPS	51058030.0	52162440.0	150.0	0.0	0.000128	1.0	66625618.0	0.001911	0.002478	7552813130.0	1.0	0.0	66625618.0	0.0	0.782919				0.0	0.5	7279270486.0	PAIR	0.0	7396082138.0	0.0	0.002515	52162440.0
MCI-4-Basal	47987326.0	49065726.0	150.0	0.0	0.000129	1.0	62643286.0	0.001956	0.002374	7102690374.0	1.0	0.0	62643286.0	0.0	0.783256				0.0	0.5	6848678314.0	PAIR	0.0	6949482983.0	0.0	0.00242	49065726.0
MCI-4-IFNb	51053366.0	52389468.0	150.0	0.0	0.000126	1.0	66288878.0	0.001662	0.002661	7590546102.0	1.0	0.0	66288878.0	0.0	0.790321				0.0	0.5	7286151561.0	PAIR	0.0	7400415447.0	0.0	0.002726	52389468.0
MCI-4-LPS	44201700.0	45296778.0	150.0	0.0	0.000134	1.0	58867212.0	0.001946	0.002402	6554802316.0	1.0	0.0	58867212.0	0.0	0.769474				0.0	0.5	6302291120.0	PAIR	0.0	6399542944.0	0.0	0.002448	45296778.0
MCI-5-Basal	49791372.0	50899516.0	150.0	0.0	0.000127	1.0	64435222.0	0.002039	0.002275	7374122927.0	1.0	0.0	64435222.0	0.0	0.789933				0.0	0.5	7109038867.0	PAIR	0.0	7216508211.0	0.0	0.002309	50899516.0
MCI-5-IFNb	53329028.0	54541958.0	150.0	0.0	0.000128	1.0	69349040.0	0.001662	0.002459	7902671288.0	1.0	0.0	69349040.0	0.0	0.786485				0.0	0.5	7611935745.0	PAIR	0.0	7729654571.0	0.0	0.002502	54541958.0
MCI-5-LPS	48992494.0	50090166.0	150.0	0.0	0.000128	1.0	63409306.0	0.001915	0.002306	7258686855.0	1.0	0.0	63409306.0	0.0	0.78995				0.0	0.5	6997255820.0	PAIR	0.0	7102548650.0	0.0	0.002341	50090166.0
MCI-6-Basal	40622162.0	41577578.0	150.0	0.0	0.000136	1.0	54341174.0	0.001965	0.002365	6012200486.0	1.0	0.0	54341174.0	0.0	0.765121				0.0	0.5	5786092836.0	PAIR	0.0	5876662745.0	0.0	0.002403	41577578.0
MCI-6-IFNb	41248062.0	42259322.0	150.0	0.0	0.000136	1.0	61083904.0	0.001746	0.002463	6095164887.0	1.0	0.0	61083904.0	0.0	0.691824				0.0	0.5	5864733876.0	PAIR	0.0	5951919363.0	0.0	0.002507	42259322.0
MCI-6-LPS	44448882.0	45399464.0	150.0	0.0	0.000139	1.0	59030528.0	0.002083	0.002412	6567297939.0	1.0	0.0	59030528.0	0.0	0.769084				0.0	0.5	6330561480.0	PAIR	0.0	6432435480.0	0.0	0.002447	45399464.0
MCI-7-Basal	59264852.0	61142716.0	150.0	0.0	0.000145	1.0	79276766.0	0.001852	0.002543	8848826046.0	1.0	0.0	79276766.0	0.0	0.771256				0.0	0.5	8447729069.0	PAIR	0.0	8582946389.0	0.0	0.002595	61142716.0
MCI-7-IFNb	61255298.0	63493534.0	150.0	0.0	0.000149	1.0	80251282.0	0.001876	0.002839	9214107840.0	1.0	0.0	80251282.0	0.0	0.791184				0.0	0.5	8746804819.0	PAIR	0.0	8895448575.0	0.0	0.002903	63493534.0
MCI-7-LPS	61371528.0	63311268.0	150.0	0.0	0.000156	1.0	82778864.0	0.001633	0.002515	9158132826.0	1.0	0.0	82778864.0	0.0	0.764824				0.0	0.5	8741826757.0	PAIR	0.0	8883881798.0	0.0	0.002561	63311268.0
MCI-8-Basal	49815342.0	51248746.0	150.0	0.0	0.000134	1.0	70219760.0	0.002002	0.002625	7371568693.0	1.0	0.0	70219760.0	0.0	0.729834				0.0	0.5	7063404387.0	PAIR	0.0	7169591213.0	0.0	0.002688	51248746.0
MCI-8-IFNb	49188714.0	51027234.0	150.0	0.0	0.000142	1.0	72987366.0	0.002118	0.002979	7297130082.0	1.0	0.0	72987366.0	0.0	0.699124				0.0	0.5	6937426964.0	PAIR	0.0	7038953034.0	0.0	0.003075	51027234.0
MCI-8-LPS	47421100.0	48733236.0	150.0	0.0	0.000136	1.0	67040206.0	0.001964	0.002599	7002954568.0	1.0	0.0	67040206.0	0.0	0.726926				0.0	0.5	6717767841.0	PAIR	0.0	6818136831.0	0.0	0.002661	48733236.0
MCI-9-Basal	39615844.0	47729262.0	150.0	0.0	0.000181	1.0	73148874.0	0.001393	0.002588	6772196476.0	1.0	0.0	73148874.0	0.0	0.652495				0.0	0.5	5555277331.0	PAIR	0.0	5637659206.0	0.0	0.002696	47729262.0
MCI-9-IFNb	40852174.0	45907078.0	150.0	0.0	0.000166	1.0	71655368.0	0.001404	0.002692	6518919885.0	1.0	0.0	71655368.0	1e-06	0.640665				0.0	0.5	5731682937.0	PAIR	0.0	5813697623.0	0.0	0.002785	45907078.0
MCI-9-LPS	38335686.0	41137494.0	150.0	0.0	0.000162	1.0	62189240.0	0.00153	0.002506	5863757477.0	1.0	0.0	62189240.0	0.0	0.661489				0.0	0.5	5395471036.0	PAIR	0.0	5472718126.0	0.0	0.002579	41137494.0
PD-1-Basal	39704290.0	45338422.0	150.0	0.0	0.00018	1.0	67036104.0	0.00153	0.002592	6432733459.0	1.0	0.0	67036104.0	0.0	0.676328				0.0	0.5	5568457231.0	PAIR	0.0	5645748231.0	0.0	0.002679	45338422.0
PD-1-IFNb	42949498.0	49248984.0	150.0	0.0	0.000185	1.0	75262510.0	0.00172	0.002909	6970417053.0	1.0	0.0	75262510.0	0.0	0.654363				0.0	0.5	6001564683.0	PAIR	0.0	6090347150.0	0.0	0.002975	49248984.0
PD-1-LPS	42639580.0	49013234.0	150.0	0.0	0.000177	1.0	73990794.0	0.001279	0.002517	6938672886.0	1.0	0.0	73990794.0	0.0	0.662423				0.0	0.5	5962513613.0	PAIR	0.0	6049330433.0	0.0	0.002608	49013234.0
PD-10-Basal	41008804.0	42909894.0	150.0	0.0	0.00015	1.0	61361358.0	0.001807	0.0026	6135780139.0	1.0	0.0	61361358.0	1e-06	0.699298				0.0	0.5	5785435471.0	PAIR	0.0	5869649194.0	0.0	0.002672	42909894.0
PD-10-IFNb	39722642.0	42605382.0	150.0	0.0	0.000156	1.0	64717012.0	0.001581	0.002799	6057179615.0	1.0	0.0	64717012.0	1e-06	0.658334				0.0	0.5	5576379374.0	PAIR	0.0	5655053138.0	0.0	0.00288	42605382.0
PD-10-LPS	39824170.0	42998484.0	150.0	0.0	0.000157	1.0	61720374.0	0.00199	0.002558	6137962854.0	1.0	0.0	61720374.0	0.0	0.696666				0.0	0.5	5612152293.0	PAIR	0.0	5694118152.0	0.0	0.002643	42998484.0
PD-11-Basal	44446922.0	46376432.0	150.0	0.0	0.000149	1.0	63616982.0	0.002228	0.002647	6663705744.0	1.0	0.0	63616982.0	1e-06	0.728995				0.0	0.5	6294090269.0	PAIR	0.0	6391829028.0	0.0	0.002726	46376432.0
PD-11-IFNb	39296276.0	41210592.0	150.0	0.0	0.000146	1.0	58958992.0	0.002297	0.002993	5894798019.0	1.0	0.0	58958992.0	1e-06	0.69897				0.0	0.5	5547456687.0	PAIR	0.0	5626223538.0	0.0	0.003095	41210592.0
PD-11-LPS	36595536.0	39073256.0	150.0	0.0	0.000156	1.0	56043356.0	0.001967	0.002622	5585815348.0	1.0	0.0	56043356.0	0.0	0.697197				0.0	0.5	5163082477.0	PAIR	0.0	5239187280.0	0.0	0.002713	39073256.0
PD-2-Basal	43655214.0	44780746.0	150.0	0.0	0.000126	1.0	58952312.0	0.002284	0.002423	6460710341.0	1.0	0.0	58952312.0	0.0	0.75961				0.0	0.5	6211352872.0	PAIR	0.0	6301286381.0	0.0	0.002481	44780746.0
PD-2-IFNb	42476236.0	43517722.0	150.0	0.0	0.000125	1.0	56456292.0	0.002024	0.002659	6283531574.0	1.0	0.0	56456292.0	0.0	0.770821				0.0	0.5	6048754275.0	PAIR	0.0	6135741517.0	0.0	0.002729	43517722.0
PD-2-LPS	42010246.0	42996998.0	150.0	0.0	0.000127	1.0	56678104.0	0.00207	0.002331	6203005487.0	1.0	0.0	56678104.0	0.0	0.758617				0.0	0.5	5976277704.0	PAIR	0.0	6063511680.0	0.0	0.002374	42996998.0
PD-3-Basal	59419868.0	61179972.0	150.0	0.0	0.000133	1.0	78455988.0	0.002242	0.002698	8848178672.0	1.0	0.0	78455988.0	0.0	0.7798				0.0	0.5	8444230616.0	PAIR	0.0	8598562125.0	0.0	0.002761	61179972.0
PD-3-IFNb	57161822.0	59133432.0	150.0	0.0	0.000135	1.0	78109228.0	0.002336	0.00297	8530654851.0	1.0	0.0	78109228.0	0.0	0.757061				0.0	0.5	8123125562.0	PAIR	0.0	8251542249.0	0.0	0.003064	59133432.0
PD-3-LPS	47196508.0	48593098.0	150.0	0.0	0.000135	1.0	63501796.0	0.002225	0.002543	7014644721.0	1.0	0.0	63501796.0	0.0	0.765224				0.0	0.5	6715043809.0	PAIR	0.0	6816781289.0	0.0	0.002606	48593098.0
PD-4-Basal	54907976.0	56200254.0	150.0	0.0	0.000131	1.0	72498084.0	0.002254	0.002447	8134461077.0	1.0	0.0	72498084.0	1e-06	0.775196				0.0	0.5	7830902705.0	PAIR	0.0	7951095662.0	0.0	0.002492	56200254.0
PD-4-IFNb	44881800.0	46298726.0	150.0	0.0	0.000136	1.0	59406376.0	0.002101	0.002843	6696761220.0	1.0	0.0	59406376.0	0.0	0.779356				0.0	0.5	6399180804.0	PAIR	0.0	6495421655.0	0.0	0.002911	46298726.0
PD-4-LPS	54875984.0	56333376.0	150.0	0.0	0.000135	1.0	72911792.0	0.002111	0.002469	8146775928.0	1.0	0.0	72911792.0	1e-06	0.772624				0.0	0.5	7813734750.0	PAIR	0.0	7940048535.0	0.0	0.002514	56333376.0
PD-5-Basal	50136650.0	51379556.0	150.0	0.0	0.000131	1.0	66827084.0	0.001975	0.002329	7427067648.0	1.0	0.0	66827084.0	1e-06	0.768843				0.0	0.5	7142050018.0	PAIR	0.0	7250824054.0	0.0	0.002372	51379556.0
PD-5-IFNb	46142990.0	47449306.0	150.0	0.0	0.000132	1.0	61244942.0	0.001585	0.002512	6864370766.0	1.0	0.0	61244942.0	0.0	0.774747				0.0	0.5	6576973208.0	PAIR	0.0	6678636370.0	0.0	0.002567	47449306.0
PD-5-LPS	48191128.0	49285906.0	150.0	0.0	0.000128	1.0	62993606.0	0.001873	0.002351	7134454715.0	1.0	0.0	62993606.0	0.0	0.782395				0.0	0.5	6871206442.0	PAIR	0.0	6979064801.0	0.0	0.002392	49285906.0
PD-6-Basal	48900848.0	50515072.0	150.0	0.0	0.000145	1.0	66807284.0	0.002144	0.00261	7292302682.0	1.0	0.0	66807284.0	0.0	0.756131				0.0	0.5	6945163873.0	PAIR	0.0	7063532747.0	0.0	0.002674	50515072.0
PD-6-IFNb	60289404.0	61901228.0	150.0	0.0	0.000136	1.0	80223726.0	0.001873	0.002917	8957638003.0	1.0	0.0	80223726.0	0.0	0.771607				0.0	0.5	8592896540.0	PAIR	0.0	8728450505.0	0.0	0.002996	61901228.0
PD-6-LPS	64020958.0	65663982.0	150.0	0.0	0.00014	1.0	83487544.0	0.002112	0.002628	9523859960.0	1.0	0.0	83487544.0	0.0	0.786512				0.0	0.5	9144108889.0	PAIR	0.0	9290030485.0	0.0	0.002687	65663982.0
PD-7-Basal	60770062.0	63143810.0	150.0	0.0	0.000147	1.0	90494084.0	0.001807	0.002349	9032901233.0	1.0	0.0	90494084.0	0.0	0.697767				0.0	0.5	8567760827.0	PAIR	0.0	8700412501.0	0.0	0.002404	63143810.0
PD-7-IFNb	54697236.0	56950600.0	150.0	0.0	0.000145	1.0	78509240.0	0.001929	0.002572	8186915406.0	1.0	0.0	78509240.0	0.0	0.7254				0.0	0.5	7753722195.0	PAIR	0.0	7869195444.0	0.0	0.002644	56950600.0
PD-7-LPS	54855874.0	56711998.0	150.0	0.0	0.00015	1.0	78534408.0	0.001857	0.002433	8144587549.0	1.0	0.0	78534408.0	0.0	0.722129				0.0	0.5	7764011657.0	PAIR	0.0	7883520262.0	0.0	0.002485	56711998.0
PD-8-Basal	68013136.0	70501552.0	150.0	0.0	0.000147	1.0	99850308.0	0.001835	0.00261	10099887805.0	1.0	0.0	99850308.0	1e-06	0.706072				0.0	0.5	9589851202.0	PAIR	0.0	9751259629.0	0.0	0.002667	70501552.0
PD-8-IFNb	67208898.0	70530982.0	150.0	0.0	0.000153	1.0	96403456.0	0.001923	0.00297	10140896438.0	1.0	0.0	96403456.0	0.0	0.731623				0.0	0.5	9514138769.0	PAIR	0.0	9672006044.0	0.0	0.003048	70530982.0
PD-8-LPS	63712352.0	65646928.0	150.0	0.0	0.000147	1.0	92518302.0	0.001785	0.002463	9412969748.0	1.0	0.0	92518302.0	0.0	0.709556				0.0	0.5	9002380276.0	PAIR	0.0	9141316412.0	0.0	0.00251	65646928.0
PD-9-Basal	33392152.0	43934976.0	150.0	0.0	0.000227	1.0	72851392.0	0.001302	0.002895	6175732574.0	1.0	0.0	72851392.0	0.0	0.603077				0.0	0.5	4637540797.0	PAIR	0.0	4707474134.0	0.0	0.002921	43934976.0
PD-9-IFNb	42009686.0	46744536.0	150.0	0.0	0.000193	1.0	72379732.0	0.00164	0.003009	6634076938.0	1.0	0.0	72379732.0	0.0	0.645824				0.0	0.5	5886081397.0	PAIR	0.0	5973226574.0	0.0	0.003073	46744536.0
PD-9-LPS	45090410.0	49906514.0	150.0	0.0	0.000184	1.0	76286760.0	0.00157	0.002689	7088803428.0	1.0	0.0	76286760.0	0.0	0.654196				0.0	0.5	6323104500.0	PAIR	0.0	6416837567.0	0.0	0.002751	49906514.0
YC-1-Basal	35595360.0	47523694.0	150.0	0.0	0.000224	1.0	76013764.0	0.001099	0.002861	6682243683.0	1.0	0.0	76013764.0	1e-06	0.625199				0.0	0.5	4945043363.0	PAIR	0.0	5019165714.0	0.0	0.002876	47523694.0
YC-1-IFNb	34711974.0	42565476.0	150.0	0.0	0.000217	1.0	65000590.0	0.001338	0.002855	6015868135.0	1.0	0.0	65000590.0	0.0	0.654848				0.0	0.5	4847146237.0	PAIR	0.0	4917232398.0	0.0	0.002903	42565476.0
YC-1-LPS	38071354.0	47454254.0	150.0	0.0	0.000207	1.0	73653450.0	0.001692	0.002567	6702744102.0	1.0	0.0	73653450.0	0.0	0.644291				0.0	0.5	5316104800.0	PAIR	0.0	5393535425.0	0.0	0.002663	47454254.0
YC-10-Basal	41161078.0	44217138.0	150.0	0.0	0.000156	1.0	65782364.0	0.002024	0.002596	6302942379.0	1.0	0.0	65782364.0	0.0	0.672173				0.0	0.5	5793157125.0	PAIR	0.0	5875768356.0	0.0	0.002685	44217138.0
YC-10-IFNb	41491822.0	44328976.0	150.0	0.0	0.000152	1.0	64184004.0	0.002062	0.002863	6331437490.0	1.0	0.0	64184004.0	0.0	0.690655				0.0	0.5	5848966539.0	PAIR	0.0	5933601864.0	0.0	0.002944	44328976.0
YC-10-LPS	39457424.0	42456936.0	150.0	0.0	0.000157	1.0	66598526.0	0.002165	0.002439	6023262601.0	1.0	0.0	66598526.0	0.0	0.637506				0.0	0.5	5527662508.0	PAIR	0.0	5606476049.0	0.0	0.002527	42456936.0
YC-11-Basal	54517394.0	56671360.0	150.0	0.0	0.000148	1.0	79304332.0	0.002148	0.002596	8134042533.0	1.0	0.0	79304332.0	1e-06	0.714606				0.0	0.5	7715544138.0	PAIR	0.0	7831348181.0	0.0	0.002662	56671360.0
YC-11-IFNb	42799550.0	45414584.0	150.0	0.0	0.000159	1.0	66565290.0	0.002214	0.002978	6497340743.0	1.0	0.0	66565290.0	0.0	0.682256				0.0	0.5	6043186828.0	PAIR	0.0	6130734187.0	0.0	0.003066	45414584.0
YC-11-LPS	44527596.0	46997090.0	150.0	0.0	0.000156	1.0	66638562.0	0.002498	0.002617	6726295972.0	1.0	0.0	66638562.0	0.0	0.705254				0.0	0.5	6288772823.0	PAIR	0.0	6380351613.0	0.0	0.002698	46997090.0
YC-2-Basal	52799820.0	54132192.0	150.0	0.0	0.000135	1.0	69585486.0	0.002302	0.002479	7829208612.0	1.0	0.0	69585486.0	0.0	0.777924				0.0	0.5	7529124343.0	PAIR	0.0	7640150070.0	0.0	0.00254	54132192.0
YC-2-IFNb	54574044.0	56025838.0	150.0	0.0	0.000132	1.0	70827812.0	0.002344	0.003065	8115039294.0	1.0	0.0	70827812.0	0.0	0.791015				0.0	0.5	7768713997.0	PAIR	0.0	7908529889.0	0.0	0.003157	56025838.0
YC-2-LPS	44199388.0	45169234.0	150.0	0.0	0.000133	1.0	57938640.0	0.002025	0.002386	6532045770.0	1.0	0.0	57938640.0	0.0	0.779605				0.0	0.5	6299989717.0	PAIR	0.0	6394543687.0	0.0	0.002428	45169234.0
YC-3-Basal	49532414.0	50854240.0	150.0	0.0	0.000132	1.0	66080820.0	0.002259	0.002532	7349269036.0	1.0	0.0	66080820.0	0.0	0.769576				0.0	0.5	7057114202.0	PAIR	0.0	7161670975.0	0.0	0.002591	50854240.0
YC-3-IFNb	61009948.0	62433554.0	150.0	0.0	0.000125	1.0	79998780.0	0.002072	0.003008	9031880449.0	1.0	0.0	79998780.0	0.0	0.780431				0.0	0.5	8680413137.0	PAIR	0.0	8829438737.0	0.0	0.003079	62433554.0
YC-3-LPS	63333798.0	64614884.0	150.0	0.0	0.000122	1.0	81987496.0	0.001937	0.003459	9360335464.0	1.0	0.0	81987496.0	0.0	0.788107				0.0	0.5	8964196856.0	PAIR	0.0	9178494918.0	0.0	0.003508	64614884.0
YC-4-Basal	51840152.0	53096100.0	150.0	0.0	0.000131	1.0	67366988.0	0.00194	0.002492	7693079606.0	1.0	0.0	67366988.0	0.0	0.788162				0.0	0.5	7396504009.0	PAIR	0.0	7514626417.0	0.0	0.002541	53096100.0
YC-4-IFNb	63861910.0	65866810.0	150.0	0.0	0.000135	1.0	84566990.0	0.001892	0.002864	9529838574.0	1.0	0.0	84566990.0	0.0	0.778871				0.0	0.5	9102431225.0	PAIR	0.0	9244996923.0	0.0	0.002943	65866810.0
YC-4-LPS	39938352.0	40997156.0	150.0	0.0	0.000134	1.0	54090740.0	0.00189	0.002451	5914796225.0	1.0	0.0	54090740.0	0.0	0.757933				0.0	0.5	5680717608.0	PAIR	0.0	5765057669.0	0.0	0.002504	40997156.0
YC-5-Basal	45813216.0	46945476.0	150.0	0.0	0.000129	1.0	59804058.0	0.002169	0.002415	6794778588.0	1.0	0.0	59804058.0	1e-06	0.784988				0.0	0.5	6534993593.0	PAIR	0.0	6633888805.0	0.0	0.002466	46945476.0
YC-5-IFNb	45415692.0	46612386.0	150.0	0.0	0.000129	1.0	60745280.0	0.002016	0.002675	6732115783.0	1.0	0.0	60745280.0	0.0	0.767342				0.0	0.5	6465526915.0	PAIR	0.0	6562002082.0	0.0	0.002745	46612386.0
YC-5-LPS	52291872.0	53475574.0	150.0	0.0	0.00013	1.0	67111450.0	0.002049	0.002446	7753358939.0	1.0	0.0	67111450.0	0.0	0.796817				0.0	0.5	7467485668.0	PAIR	0.0	7584906891.0	0.0	0.002491	53475574.0
YC-6-Basal	46189910.0	47263650.0	150.0	0.0	0.000132	1.0	59762426.0	0.002284	0.002559	6849701302.0	1.0	0.0	59762426.0	0.0	0.790859				0.0	0.5	6592745153.0	PAIR	0.0	6697100773.0	0.0	0.002615	47263650.0
YC-6-IFNb	61628708.0	62989252.0	150.0	0.0	0.000131	1.0	81361602.0	0.002029	0.002933	9116245802.0	1.0	0.0	81361602.0	0.0	0.774189				0.0	0.5	8757507394.0	PAIR	0.0	8922989184.0	0.0	0.003001	62989252.0
YC-6-LPS	56146538.0	57332074.0	150.0	0.0	0.000128	1.0	73085740.0	0.002132	0.002523	8307557277.0	1.0	0.0	73085740.0	0.0	0.78445				0.0	0.5	8010398356.0	PAIR	0.0	8139049360.0	0.0	0.002572	57332074.0
YC-7-Basal	47188122.0	49146002.0	150.0	0.0	0.000148	1.0	68077872.0	0.002012	0.002559	7051580367.0	1.0	0.0	68077872.0	0.0	0.721909				0.0	0.5	6676084150.0	PAIR	0.0	6776262056.0	0.0	0.002627	49146002.0
YC-7-IFNb	47778194.0	49830614.0	150.0	0.0	0.00015	1.0	69814292.0	0.002176	0.002859	7141243564.0	1.0	0.0	69814292.0	0.0	0.713759				0.0	0.5	6753727489.0	PAIR	0.0	6852400899.0	0.0	0.002947	49830614.0
YC-7-LPS	42867576.0	44282406.0	150.0	0.0	0.000145	1.0	62567842.0	0.001983	0.002541	6343225407.0	1.0	0.0	62567842.0	0.0	0.70775				0.0	0.5	6056383627.0	PAIR	0.0	6144818573.0	0.0	0.002603	44282406.0
YC-8-Basal	65512846.0	67556982.0	150.0	0.0	0.000143	1.0	90722024.0	0.001938	0.002454	9727497205.0	1.0	0.0	90722024.0	0.0	0.744659				0.0	0.5	9296904415.0	PAIR	0.0	9439366759.0	0.0	0.002505	67556982.0
YC-8-IFNb	67298698.0	69960204.0	150.0	0.0	0.000148	1.0	94594424.0	0.00219	0.002893	10063589940.0	1.0	0.0	94594424.0	0.0	0.739581				0.0	0.5	9544179627.0	PAIR	0.0	9688044679.0	0.0	0.00297	69960204.0
YC-8-LPS	60152816.0	62115568.0	150.0	0.0	0.000139	1.0	86235848.0	0.001926	0.00252	8921316254.0	1.0	0.0	86235848.0	1e-06	0.720299				0.0	0.5	8510946711.0	PAIR	0.0	8645256359.0	0.0	0.002573	62115568.0
YC-9-Basal	45475254.0	49623042.0	150.0	0.0	0.000169	1.0	77838570.0	0.001677	0.002496	7055493568.0	1.0	0.0	77838570.0	0.0	0.637512				0.0	0.5	6381405875.0	PAIR	0.0	6476865408.0	0.0	0.002576	49623042.0
YC-9-IFNb	38648728.0	43180084.0	150.0	0.0	0.000169	1.0	65328466.0	0.001785	0.002745	6139227491.0	1.0	0.0	65328466.0	0.0	0.660969				0.0	0.5	5425619125.0	PAIR	0.0	5505603561.0	0.0	0.002832	43180084.0
YC-9-LPS	42558228.0	47282624.0	150.0	0.0	0.00017	1.0	73976020.0	0.001649	0.002513	6698784652.0	1.0	0.0	73976020.0	0.0	0.639162				0.0	0.5	5953585924.0	PAIR	0.0	6040958978.0	0.0	0.002594	47282624.0
